structure(c(0.7849, 1.6332, 0.03685, 2.9931, 0.1545, 2.4741, 
1.5752, 2.2008, 0.2106, 2.9649, 2.8397, 2.7412, 3.001, 0.5214, 
1.335, 0.382, 0.3389, 2.6579, 3.0152, 0.1327, 0.506, 2.6894, 
0.2909, 3.6683, 1.875, 3.0501, 3.2115, 1.4915, 0.1966, 2.7605, 
1.0624, 0.2526, 0.08177, 2.7517, 2.826, 2.8305, 1.7739, 0.8067, 
0.7226, 3.2465, 0.6349, 0.673, 3.1832, 3.0542, 3.4938, 2.1702, 
3.0005, 2.1315, 1.9746, 1.9959, 2.9494, 2.8628, 0.3884, 2.5033, 
0.1013, 2.0634, 2.7155, 1.5266, 3.9401, 2.3005, 3.9322, 0.1632, 
2.9998, 1.0525, 2.1525, 2.622, 0.1174, 2.6857, 3.6208, 0.6954, 
0.08578, 1.1053, 0.3624, NaN, 2.7514, 2.7655, 2.9321, 2.958, 
1.474, 0.3033, 1.3276, 2.0922, 0.28, 1.057, 0.7519, 3.3005, 3.4459, 
0.6233, 2.9343, 3.384, 0.3516, 3.4402, 2.1822, 0.8736, 3.3096, 
1.4522, 0.09589, 0.2038, 0.4145, 0.745, 0.5133, 3.2426, 0.4155, 
3.349, 1.8092, 1.3603, 0.2142, 0.1485, 0.797, 2.291, 0.2372, 
1.4079, 0.722, 1.432, 1.0902, 3.2086, 3.2538, 0.05398, 1.196, 
0.2889, 3.4776, 2.0213, 0.09894, 0.617, 0.1573, 1.2021, 0.5764, 
0.06799, 0.8788, 0.9143, 0.3884, 0.02815, 1.5776, 0.07864, 1.1782, 
1.9904, 1.9874, 0.1359, 0.8698, 0.2894, 0.9558, 1.0838, 0.06183, 
3.3598, 0.1645, 3.1133, 3.0386, 0.2552, 1.2709, 2.651, 1.3372, 
2.5659, 0.5318, 2.8299, 3.3714, 0.7362, 3.1116, 0.3545, 3.2628, 
1.1347, 3.5424, 3.3926, 1.4782, 3.1452, 3.4082, 3.0965, 1.3497, 
3.0488, 0.87, 3.216, 0.6351, 3.439, 1.8027, 3.3305, 1.0118, 3.1542, 
0.3674, 1.0418, 0.2074, 3.1869, 0.1488, 1.9527, 0.228, 3.207, 
2.9945, 1.8697, 2.4811, 2.9458, 3.1673, 0.1066, 1.4114, 0.3566, 
2.3364, 1.3373, 0.8653, 3.0493, 1.0563, 2.9024, 0.1335, 0.7961, 
0.1433, 0.3547, 3.5021, 2.4163, 2.6609, 3.2809, 0.6347, 3.2974, 
3.2126, 0.6224, 0.9104, 3.2151, 3.0845, 1.7721, 3.3652, 1.9792, 
0.1062, 3.2224, 0.1659, 1.4133, 3.2321, 3.5879, 0.1584, 2.7603, 
2.9963, 0.4142, 3.2429, 3.2641, 0.1725, 2.6174, 2.8629, 1.7903, 
3.1935, 2.5976, 2.1873, 2.3087, 3.043, 0.1758, 3.232, 2.2337, 
2.1908, 0.5569, 0.1609, 0.752, 0.1402, 1.6888, 2.6411, 1.2329, 
3.2764, 0.9896, 1.7857, 0.1539, 3.2077, 0.1177, 0.2773, 2.1996, 
3.2095, 1.165, 3.3725, 2.5393, 3.2605, 2.0126, 3.2121, 1.1048, 
0.6829, 2.7664, 0.1835, 3.2639, 1.182, 3.0256, 0.05777, 0.9078, 
1.0707, 1.7758, 2.9426, 1.1064, 2.5715, 2.9926, 0.7176, 2.5967, 
0.6916, 3.4183, NaN, 2.979, 2.4798, 3.4277, 1.7547, 2.2038, 0.1599, 
2.1676, 3.4117, 2.6594, 3.3429, 3.3465, 1.66, 3.4399, 0.1102, 
2.9419, 1.1568, 0.8578, 0.9286, 0.5078, NaN, NaN, 0.02294, 1.8418, 
0.05469, 0.5328, 1.1623, 0.816, 0.02703, 1.128, 1.1405, 1.6083, 
1.3581, 0.1077, 0.2556, 0.3148, 0.159, NaN, 1.8076, 0.05113, 
0.1916, 1.0491, 0.1709, 3.1635, 1.6993, 2.1832, NaN, 0.6282, 
0.1353, 0.5541, NaN, 0.07256, 0.00683, 2.626, 1.2411, 1.542, 
0.5439, 0.2216, 0.2505, NaN, 0.2796, 0.3611, 2.7811, 0.6145, 
2.2716, 0.9768, 1.3696, NaN, NaN, 0.4025, 0.9553, 1.6474, 0.2017, 
NaN, 0.04633, 2.2406, 2.1885, 1.3545, 3.1647, 1.6995, 1.2464, 
0.1342, 1.32, 0.3265, 0.9782, 2.0661, 0.02294, 2.2536, 2.4452, 
0.749, 0.08393, NaN, 0.1886, 2.8713, 0.5886, 0.6084, 3.0989, 
1.088, 0.827, 0.1, 0.4828, 0.7366, 0.1461, 0.289, 0.2229, 2.3913, 
2.7416, 0.3362, 1.3305, 2.5271, 0.03325, 3.5187, 1.164, 0.7733, 
1.9999, 0.6619, 0.0726, 0.6125, 0.1338, 0.0928, NaN, 1.9345, 
0.2185, 3.4149, 0.3414, NaN, 0.2377, 0.127, NaN, 2.7537, NaN, 
0.6254, 0.3437, 0.3313, 0.1238, NaN, NaN, 0.0494, 0.181, 0.9496, 
2.1949, 0.668, 0.01989, 0.1443, 0.06361, 0.7608, 1.9534, 0.08533, 
NaN, 1.0712, 0.2756, NaN, 0.05977, 0.5237, NaN, 0.3149, NaN, 
0.2667, NaN, 0.4335, 0.6226, NaN, 2.3183, 0.05288, 0.1683, NaN, 
2.6277, NaN, 0.2439, NaN, 0.1198, NaN, NaN, 2.2034, NaN, 0.1218, 
1.6828, 0.1525, 0.8978, 0.2007, 3.1839, 2.6431, 0.2636, 1.6742, 
2.3858, 0.7417, 0.8397, 2.3207, 0.1297, 3.0366, NaN, 2.5978, 
NaN, 1.3297, 0.352, 3.2098, 0.1874, 0.5188, NaN, 1.7764, 0.1548, 
1.4032, 0.07623, 2.4408, 1.4153, NaN, 1.2175, 2.5696, 2.375, 
0.06242, 0.4236, 0.1161, 2.491, 1.9723, 0.72, NaN, 1.4487, 1.7292, 
0.07981, 0.5178, 0.04957, NaN, 3.1145, 1.1703, NaN, 2.7477, 0.1412, 
NaN, 1.9098, 0.08773, 0.2429, 3.4881, 0.6054, 0.6003, NaN, 1.0375, 
0.08013, 3.3606, 0.0231, 0.8336, 3.3983, 3.1773, 0.05537, 0.9136, 
2.4015, 0.308, 2.9603, 3.2715, 0.05837, 1.4853, NaN, 1.6939, 
3.0834, 1.9473, NaN, NaN, 2.1038, 0.1195, 1.6691, 0.5031, 1.5585, 
0.1971, 0.0995, 0.5628, 0.02065, 2.6853, 1.3691, 0.5458, NaN, 
0.3629, 0.1381, 0.1564, 1.8954, 0.1765, 0.1642, 1.1814, 1.1139, 
3.3831, 2.8989, 1.3554, 1.3819, 1.7541, 3.4592, 0.7803, 0.2355, 
0.3814, NaN, 2.9955, NaN, 2.3063, NaN, 0.4986, 0.6037, 0.9546, 
3.2167, NaN, 2.4918, 2.1884, 0.3385, 1.0607, 0.1008, 3.5075, 
0.416, 1.6071, 1.6103, NaN, 1.3482, 0.8951, 0.1353, NaN, 2.8507, 
0.8574, 1.6488, 2.7654, 0.7885, 2.9592, 2.6113, 1.0054, 1.2667, 
0.1857, 0.471, NaN, NaN, 0.5392, 0.05119, NaN, 0.06692, 0.1434, 
0.99, NaN, 0.02069, 0.5418, 0.421, 0.6677, 0.8506, 0.1006, 0.1162, 
0.1327, 0.04625, NaN, 0.8833, 0.06226, 0.09149, 0.2489, 0.1056, 
2.1967, 0.2901, 1.311, NaN, 0.1838, 0.05564, 0.4596, NaN, 0.05419, 
0.02507, 2.1998, 0.6005, 0.6916, NaN, 0.04415, NaN, NaN, 0.1946, 
0.1626, 2.2057, 0.1332, 1.1234, 0.4896, NaN, NaN, NaN, 0.3067, 
0.4518, 0.6366, 0.1349, NaN, 0.001079, 1.7646, 0.9444, 0.8208, 
2.408, 0.959, 0.1817, 0.1778, 0.3848, 0.09347, 0.3242, 1.899, 
0.02496, 1.339, 1.8649, 0.3542, 0.1689, NaN, 0.1066, 2.5457, 
0.136, 0.2034, 2.3755, 0.676, 0.3458, 0.1871, 0.3525, 0.1918, 
0.1501, 0.1828, 0.1841, 1.4569, 1.1929, NaN, 0.3083, 1.9457, 
0.05175, 2.2739, NaN, 0.4776, 0.7654, 0.1253, 0.04521, 0.4495, 
0.0915, NaN, NaN, 0.6165, 0.1575, 2.7893, 0.2363, 0.2079, 0.5421, 
0.1046, 0.09066, 1.5939, NaN, 0.5703, NaN, NaN, NaN, NaN, NaN, 
NaN, NaN, 0.569, NaN, 0.4124, NaN, 0.09127, NaN, NaN, 1.4212, 
NaN, NaN, NaN, NaN, NaN, NaN, NaN, NaN, NaN, NaN, 0.1658, NaN, 
NaN, 0.4163, NaN, NaN, 0.0468, NaN, 2.6062, 2.4658, NaN, 0.3491, 
2.3471, NaN, NaN, NaN, NaN, NaN, 0.1333, NaN, 0.242, 0.3114, 
0.2211, 3.11, 2.0873, 0.2724, 1.9043, 2.5399, 0.2813, NaN, 1, 
0.106, 2.192, 0.1141, 2.3386, NaN, 0.8875, 0.4503, 3.0855, 0.2097, 
0.1742, NaN, 1.1524, 0.3211, 1.1135, 0.1165, 1.4198, 0.7294, 
NaN, 0.5924, 1.9243, 1.6423, 0.1519, 0.2116, 0.1882, 2.1915, 
1.5153, 0.6, NaN, NaN, 1.0478, 0.1529, 0.3954, 0.04844, NaN, 
2.5238, 0.5117, NaN, 2.3432, 0.1479, NaN, 0.7558, 0.1585, 0.1602, 
NaN, 0.5984, 0.325, NaN, 0.3615, 0.1017, 1.9642, 0.1343, 0.941, 
2.6002, NaN, 2.9419, 0.8971, 2.0755, 0.2329, 2.3762, 2.8761, 
0.023, 1.0498, NaN, 1.2891, 2.6241, 1.5259, NaN, NaN, 1.4028, 
0.05439, 0.715, 0.2726, 0.9437, 0.1217, 0.03179, 0.5178, 0.01053, 
2.0578, 0.3884, 0.4966, NaN, 0.1059, 1.2896, 0.144, 0.5716, NaN, 
0.176, 0.2956, 1.4515, 2.7722, 1.2972, 0.6305, 1.1008, 0.5812, 
2.7147, NaN, 0.1052, 0.5594, NaN, 2.4647, NaN, 2.0603, NaN, 0.3062, 
0.1812, 0.7934, 2.7466, NaN, 1.804, 1.9994, 0.125, 0.5735, 0.0513, 
2.1617, 0.2425, 0.6466, NaN, 1.3551, 0.5095, 0.2554, NaN, NaN, 
1.3096, 0.3194, 0.7335, 0.7166, 0.1662, 1.6718, 2.2619, 0.4055, 
0.6877, 0.03791, 0.2953, 0.1283, 0.4688, NaN, NaN, 0.6261, 0.06181, 
0.08076, 0.8172, 0.1376, 0.02241, 0.1575, 0.2282, 0.4327, 0.3822, 
NaN, 0.1178, 0.07384, 0.06374, 0.1482, 0.4378, 0.03083, 0.01795, 
0.1407, 0.04127, 0.7908, 0.05775, 0.5003, 1.5137, 0.1013, 0.06441, 
0.09357, 0.4973, 0.0304, NaN, 1.5275, NaN, 0.22, NaN, NaN, 0.07186, 
1.1004, 0.0486, 0.08122, NaN, 0.06153, 0.2856, 0.2009, NaN, NaN, 
NaN, NaN, 0.07403, 0.07959, NaN, NaN, -0.00518, 1.0859, 0.3445, 
0.2799, 1.1289, 0.4939, 0.09799, 0.1306, 0.232, NaN, 0.3652, 
1.6307, NaN, 0.8984, NaN, 0.393, NaN, NaN, NaN, NaN, 0.04397, 
0.1082, 2.2248, 0.3001, 0.09125, 0.1214, NaN, 0.1549, 0.1105, 
0.1019, 0.1319, 1.4766, 1.129, NaN, NaN, NaN, NaN, NaN, NaN, 
0.6595, 1.281, 0.09613, 0.01595, 0.3373, 0.1089, 0.1078, 0.02963, 
0.3938, NaN, 2.0822, 0.1739, 0.1385, 0.3768, 0.09067, NaN, NaN, 
NaN, 0.5037, NaN, NaN, 0.1749, 0.5413, NaN, 0.04583, 0.04335, 
NaN, NaN, NaN, NaN, NaN, NaN, NaN, NaN, NaN, NaN, NaN, NaN, NaN, 
0.0531, NaN, 0.1606, 0.09086, NaN, NaN, NaN, NaN, NaN, NaN, NaN, 
NaN, NaN, NaN, NaN, NaN, NaN, 2.0026, 0.07452, 1.2695, 0.1069, 
0.8223, NaN, NaN, NaN, 0.2204, 0.1354, 0.2172, 1.3469, NaN, NaN, 
NaN, 2.2643, NaN, NaN, 0.4627, 0.1034, 1.0126, 0.06183, 0.8447, 
NaN, 0.5172, 0.1827, 1.6449, 0.144, 0.182, NaN, 0.6037, 0.2313, 
NaN, 0.06133, NaN, 0.3888, 0.1942, 0.4789, 0.9498, NaN, 0.0763, 
0.08943, 0.1609, 1.4354, 0.6465, 0.2705, 1.2375, NaN, 0.7157, 
0.1054, 0.2451, 0.02703, NaN, 1.5898, 0.4271, NaN, 2.2195, NaN, 
NaN, NaN, NaN, 0.2782, 0.9903, 0.2741, 0.2946, NaN, 0.1622, NaN, 
0.1475, 0.0231, 0.5607, 1.3353, 0.004947, 0.07204, 0.782, NaN, 
0.1874, 1.2786, 2.0211, 0.05306, 0.2151, NaN, NaN, 1.498, 1.405, 
NaN, NaN, NaN, 0.039, NaN, NaN, NaN, NaN, 0.09011, NaN, 0.04878, 
1.1032, NaN, 0.6467, NaN, 0.1315, 0.5801, 0.08995, NaN, NaN, 
0.1459, 0.1924, 1.1483, 2.6838, 0.3481, 0.2953, 0.6163, 0.4108, 
1.8059, 0.5042, NaN, 0.28, 0.2155, 1.2882, NaN, 1.3057, 0.02892, 
NaN, NaN, 0.4128, 2.5596, NaN, 1.6812, 1.522, 0.1306, 0.286, 
NaN, NaN, NaN, 0.3831, 0.319, 0.8074, NaN, NaN, NaN, NaN, 0.594, 
0.1956, 0.6218, 0.6279, 0.0921, NaN, 1.631, 0.2342, 0.5466, 0.07301, 
0.06529, NaN, 1.405, 0.09258, 0.003867, 3.4339, 0.1522, 2.236, 
0.6686, 2.0821, 0.3275, 1.2313, 1.8534, 1.252, 2.8512, 0.6348, 
2.2528, 1.2158, 0.175, 1.2781, 1.3534, 0.2624, 1.2095, 1.1903, 
0.1917, 0.5739, 2.0287, 3.3222, 2.2716, 1.3658, 0.4914, 0.6676, 
1.4782, 0.2784, 0.3194, 2.4117, 2.5992, 3.6942, 0.371, 2.5181, 
3.4689, 3.8295, 0.5072, 1.6671, 1.8409, 2.2592, 1.8327, 1.9395, 
0.452, 2.319, 0.5039, 0.1947, 1.4827, 0.2918, 0.3504, 0.9339, 
0.05189, 1.8592, 1.513, 1.189, 0.7039, 1.763, 0.8526, 1.027, 
1.3493, 0.3598, 0.6896, 2.1572, 0.04278, 0.4949, 1.1261, 0.3736, 
0.01848, 3.0117, 0.3334, NaN, 0.2364, 1.1669, 2.9642, 1.0624, 
0.3079, 0.03758, 1.0427, 2.6003, 0.219, 0.9004, 0.44, 1.6697, 
2.5337, 0.6135, 2.0499, 1.3048, 0.0681, 1.6614, 2.761, 0.7074, 
2.9078, 1.8922, 0.01156, 0.2462, 1.6921, 0.7381, 0.6106, 0.4624, 
0.1387, 2.2277, 0.4348, 1.4877, 0.4178, 0.08514, 0.6569, 1.1882, 
0.2067, 0.1098, 0.02773, 0.1867, 0.4337, 0.1554, 1.2879, 0.07138, 
0.9201, 0.2947, 3.1344, 0.4358, 0.1041, 1.6764, 0.08192, 0.04424, 
0.02729, 0.04783, 0.02665, 0.02092, 0.03872, 0.05433, 0.1103, 
0.3352, 2.4905, 0.4986, 0.4655, 0.2136, 0.2421, 0.2196, 0.6759, 
1.018, 0.03035, 0.2979, 0.106, 0.7615, 0.9275, 0.06415, 2.4894, 
1.7629, 2.2411, 1.8425, 0.3794, 2.0246, 3.1359, 1.5109, 2.2975, 
0.4929, 2.4992, 2.1791, 2.6145, 3.1021, 1.2407, 3.0558, 3.9114, 
1.9181, 2.8805, 2.2187, 2.4707, 1.3779, 1.2048, 1.1945, 2.867, 
2.6271, 1.8265, 3.6764, 1.0376, 0.6507, 0.2187, 2.9969, 0.1708, 
0.4328, 0.2761, 1.9227, 3.0114, 1.2089, 0.8146, 3.4257, 2.7399, 
0.1956, 0.5, 0.4577, 0.8935, 1.2981, 1.9956, 2.8771, 0.2736, 
2.4022, 0.9707, 0.05821, 0.1863, 0.4693, 2.1199, 3.2813, 1.6234, 
2.3445, 0.1527, 1.5179, 1.7436, 1.0958, 0.2944, 3.2387, 0.9257, 
2.4975, 2.1066, 1.1279, 0.06091, 3.4163, 0.6153, 0.6632, 2.2461, 
2.606, 0.3227, 3.7462, 1.8648, 2.0203, 1.7207, 2.321, 0.07315, 
0.8043, 3.2493, 1.2932, 2.2519, 3.6133, 3.4568, 1.4653, 1.7683, 
0.4156, 2.9169, 1.9037, 0.3385, 1.468, 0.7073, 0.119, 0.1922, 
1.1829, 1.5846, 0.2507, 2.2554, 0.5477, 1.7625, 0.5718, 2.7632, 
0.4833, 0.05714, 2.4159, 0.535, 3.5886, 2.4123, 2.5478, 2.6109, 
2.7074, 2.9084, 0.9435, 0.6068, 2.2858, 0.31, 1.9449, 0.2565, 
1.707, 0.02307, 0.3705, 0.7783, 1.9136, 0.7037, 2.5084, 1.3697, 
0.4888, 1.0668, 1.0111, 2.0395, 3.0356, NaN, 1.6507, 2.6181, 
0.932, 2.8453, 2.301, 0.4753, 1.017, 0.2968, 0.6173, 0.5823, 
1.0142, 3.2753, 2.512, 0.01578, 1.1634, 2.9232, 1.4045, 0.1375, 
2.3891, NaN, NaN, 0.004561, 0.3802, 0.004209, 0.0912, 0.1294, 
0.2164, 0.03391, 0.08387, 0.09081, 0.1596, 0.2335, 0.03634, 0.03212, 
0.2988, 0.06462, NaN, 0.1084, 0.03363, 0.04549, 0.04882, 0.02468, 
0.07363, 0.1974, 0.1973, NaN, 0.109, 0.1598, 0.02008, NaN, 0.02094, 
0.008629, 1.0033, 0.08453, 1.0023, 0.003785, 0.6141, 0.7509, 
NaN, 0.04525, 0.1333, 0.3869, 0.17, 0.2707, 1.0643, 0.06958, 
NaN, NaN, -0.00862, 0.1168, 0.146, 0.1123, NaN, 0.008618, 0.405, 
0.6424, 0.2332, 0.3849, 0.3453, 0.02774, 0.1348, 0.2642, 0.06181, 
0.2056, 1.3008, -0.00258, 0.2184, 0.1896, 0.09126, 0.006879, 
NaN, 0.2111, 0.116, 0.006825, 0.1029, 1.628, 0.07969, 0.06996, 
-0.00404, 0.2332, 0.5801, 0.04138, 0.1005, 0.04232, 0.4863, 0.3944, 
0.2365, 0.2689, 0.2101, 0.01332, 0.8781, 0.497, 0.6999, 0.2881, 
0.3587, 0.001868, 0.2375, 0.9372, 0.1704, NaN, 0.04755, 0.08444, 
0.5439, 0.08665, NaN, 0.3286, 0.04653, NaN, 0.3267, NaN, 0.05182, 
0.02228, 0.03967, 0.08627, NaN, NaN, 0.08055, 0.2363, 0.437, 
1.708, 0.07061, 0.00186, 0.1768, 0.06001, 0.03372, 0.1213, 0.0885, 
NaN, 0.05358, 0.01997, NaN, 0.118, 0.3089, NaN, 0.03012, NaN, 
0.05442, NaN, 0.2453, 0.5283, NaN, 0.1081, 0.04316, 0.01601, 
NaN, 0.07519, NaN, 0.06024, NaN, 0.01537, NaN, NaN, 0.4822, NaN, 
0.1688, 0.3506, 0.01766, 0.08059, 0.08011, 0.1593, 0.3439, 0.1657, 
0.517, 0.5783, 0.01656, 0.3873, 0.3459, 0.08417, 0.1006, NaN, 
0.04478, NaN, 0.2711, 0.08897, 0.8996, 0.1118, 0.1198, NaN, 0.206, 
0.1214, 0.0365, 0.08589, 0.06624, 0.3543, NaN, 0.07166, 0.3681, 
1.7635, 0.1393, 0.02864, 0.09423, 0.06189, 0.3316, 0.2874, NaN, 
0.1437, 0.1269, 0.08393, 0.04898, 0.07766, NaN, 0.7246, 0.5455, 
NaN, 1.8191, 0.05578, NaN, 0.1199, 0.2551, 0.004566, 1.0144, 
0.1986, 0.1561, NaN, 0.3378, 0.02992, 0.2786, 0.01033, 0.1492, 
0.3383, 2.1287, -0.00696, 0.1858, 0.3594, 0.1274, 0.4591, 0.3967, 
0.02412, 0.1635, NaN, 0.07202, 0.9099, 0.3688, NaN, NaN, 0.218, 
0.009165, 0.2127, 0.08512, 0.04497, 0.09265, 0.04668, 0.04269, 
0.01028, 0.4551, 0.1453, 0.2659, NaN, 0.04807, 0.05943, 0.06273, 
0.08845, 0.2883, 0.01176, 0.1499, 0.04329, 0.7368, 0.5509, 0.2318, 
0.2819, 0.2776, 2.3631, 0.1707, 0.06374, 0.102, NaN, 0.6099, 
NaN, 0.4951, NaN, 0.1916, 0.1565, 0.102, 0.7239, NaN, 3.0509, 
1.1499, 0.3738, 0.0329, 0.4443, 3.5854, 0.06625, 0.1969, 0.2804, 
NaN, 1.2423, 0.3503, 0.0844, NaN, 0.04755, 0.8363, 0.05948, 0.192, 
1.0682, 0.2672, 1.3465, 0.1558, 0.6782, 0.1057, 0.03796, NaN, 
NaN, 0.0459, 0.02444, NaN, 0.01546, 0.0656, 0.1837, NaN, 0.02793, 
0.02851, 0.06743, 0.1121, 0.1791, 0.02142, -0.00168, 0.03901, 
0.03003, NaN, -0.00227, 0.05212, 0.06121, 0.06785, 0.03814, 0.104, 
0.1388, 0.2095, NaN, 0.1129, 0.1557, 0.1089, NaN, 0.02845, 0.0974, 
0.6495, 0.1131, 0.9125, NaN, 0.2732, NaN, NaN, 0.01376, 0.07237, 
0.2909, 0.08124, 0.31, 0.8379, NaN, NaN, NaN, 0.04548, 0.08798, 
0.09914, 0.1346, NaN, -0.00224, 0.4578, 0.5023, 0.219, 0.2312, 
0.3888, 0.01168, 0.1759, 0.1514, 0.02508, 0.1044, 1.2204, 0.01451, 
0.02749, 0.07702, 0.03789, 0.03745, NaN, 0.1166, 0.02493, 0.02181, 
0.09253, 0.9613, 0.03799, 0.065, 0.02237, 0.1974, 0.4885, 0.05052, 
0.07563, 0.04705, 0.1231, 0.3772, NaN, 0.117, 0.2089, 0.03136, 
0.636, NaN, 0.5682, 0.1867, 0.4303, -0.00581, 0.2725, 0.9015, 
NaN, NaN, 0.05741, 0.1011, 0.6332, 0.08351, 0.1629, 0.1668, 0.02123, 
0.1363, 0.3092, NaN, 0.05884, NaN, NaN, NaN, NaN, NaN, NaN, NaN, 
0.2464, NaN, 0.06657, NaN, 0.2049, NaN, NaN, 0.1486, NaN, NaN, 
NaN, NaN, NaN, NaN, NaN, NaN, NaN, NaN, 0.04787, NaN, NaN, 0.4344, 
NaN, NaN, 0.03976, NaN, 0.1652, 0.07447, NaN, 0.05701, 0.2884, 
NaN, NaN, NaN, NaN, NaN, 0.1556, NaN, 0.04966, 0.07193, 0.09567, 
0.2227, 0.2854, 0.09876, 0.5745, 0.8887, 0.02743, NaN, 0.1916, 
0.1315, 0.07138, 0.08044, 0.1029, NaN, 0.2673, 0.1598, 0.9244, 
0.1202, 0.06773, NaN, 0.1767, 0.326, 0.03476, 0.15, 0.06167, 
0.2237, NaN, 0.03892, 0.2875, 1.1937, 0.1456, 0.03372, 0.07643, 
0.0384, 0.2131, 0.2468, NaN, NaN, 0.1286, 0.06778, 0.03864, 0.05018, 
NaN, 0.4784, 0.2803, NaN, 1.3616, 0.03736, NaN, 0.1291, 0.2224, 
-0.01232, NaN, 0.1425, 0.1271, NaN, 0.2022, 0.03512, 0.06894, 
0.01649, 0.3453, 0.1909, NaN, 1.1993, 0.2813, 0.2862, 0.1582, 
0.285, 0.3197, 0.01434, 0.1354, NaN, 0.08894, 0.6987, 0.2804, 
NaN, NaN, 0.151, -0.000293, 0.1629, 0.09436, 0.06847, 0.06597, 
0.0257, 0.04347, -0.00399, 0.2538, 0.117, 0.2388, NaN, 0.029, 
0.3495, 0.05999, 0.07036, NaN, 0.00564, 0.09781, 0.04308, 0.5627, 
0.3428, 0.1625, 0.3014, 0.1406, 1.7629, NaN, 0.03317, 0.3356, 
NaN, 0.4282, NaN, 0.2946, NaN, 0.135, 0.02551, 0.07571, 0.5053, 
NaN, 2.4703, 1.1116, 0.3423, 0.04167, 0.07345, 3.1227, -0.000731, 
0.1076, NaN, 0.08342, 0.4113, 0.1513, NaN, NaN, 0.01849, 0.06119, 
0.05373, 0.03368, 0.7869, 0.1866, 1.4299, 0.1433, 0.3104, 0.07813, 
0.05856, 0.1194, 0.1336, NaN, NaN, 0.07836, 0, 0.05144, 0.07189, 
0.09799, 0.03433, 0.04612, 0.03356, 0.07413, 0.2142, NaN, 0.04771, 
0.01766, 0.03811, 0.03136, 0.07165, 0.0162, 0.007848, 0.02015, 
-0.00134, 0.027, 0.02679, 0.1701, 0.1543, 0.04657, 0.1437, 0.05051, 
0.1033, 0.005564, NaN, 0.5783, NaN, 0.5193, NaN, NaN, 0.23, 0.8168, 
0.01589, 0.04688, NaN, 0.07356, 0.1178, 0.4247, NaN, NaN, NaN, 
NaN, 0.01257, 0.03219, NaN, NaN, 0.006239, 0.1912, 0.1915, 0.09185, 
0.08033, 0.2051, 0.01755, 0.1265, 0.1161, NaN, 0.1953, 1.0741, 
NaN, 0.06705, NaN, 0.06401, NaN, NaN, NaN, NaN, 0.009388, 0.06241, 
0.6242, 0.05043, 0.02075, -0.00869, NaN, 0.2042, 0.01536, 0.09356, 
0.0431, 0.3467, 0.3124, NaN, NaN, NaN, NaN, NaN, NaN, 0.5068, 
0.1494, 0.1843, 0.0007467, 0.1931, 0.7561, 0.1705, 0.03723, 0.0275, 
NaN, 0.3961, 0.07124, 0.07057, 0.1141, 0.009218, NaN, NaN, NaN, 
0.02394, NaN, NaN, 0.05406, -0.00467, NaN, 0.06303, 0.1786, NaN, 
NaN, NaN, NaN, NaN, NaN, NaN, NaN, NaN, NaN, NaN, NaN, NaN, 0.1236, 
NaN, 0.01194, -0.00615, NaN, NaN, NaN, NaN, NaN, NaN, NaN, NaN, 
NaN, NaN, NaN, NaN, NaN, 0.1866, 0.0163, 0.1293, 0.02247, 0.1845, 
NaN, NaN, NaN, 0.05175, 0.1128, 0.0387, 0.271, NaN, NaN, NaN, 
0.7278, NaN, NaN, 0.164, 0.06008, 0.03417, 0.09517, 0.05645, 
NaN, 0.09638, 0.02591, 0.4561, 0.06529, 0.0578, NaN, 0.1707, 
0.1327, NaN, 0.1032, NaN, 0.2846, 0.2912, 0.08107, 0.1722, NaN, 
0.1629, 0.06189, 0.0342, 0.06448, 0.144, 0.1147, 0.0932, NaN, 
0.1096, 0.05685, 0.04614, 0.03777, NaN, 0.2743, 0.4988, NaN, 
1.3987, NaN, NaN, NaN, NaN, 0.02065, 0.3462, 0.1556, 0.1479, 
NaN, 0.1877, NaN, 0.04276, 0.003523, 0.3303, 0.1497, -0.02109, 
0.01694, 0.1842, NaN, 0.1901, 0.155, 0.3731, 0.0354, 0.05514, 
NaN, NaN, 0.6404, 0.2827, NaN, NaN, NaN, 0.01976, NaN, NaN, NaN, 
NaN, 0.07023, NaN, 0.03879, 0.3403, NaN, 0.2096, NaN, 0.04612, 
0.1146, 0.05317, NaN, NaN, 0.02746, 0.1226, 0.09424, 0.4567, 
0.1857, 0.2015, 0.213, 0.03502, 1.681, 0.05865, NaN, 0.2411, 
0.002066, 0.3882, NaN, 0.3136, 0.02094, NaN, NaN, 0.05103, 0.3414, 
NaN, 2.1005, 0.6151, 0.1529, 0.02446, NaN, NaN, NaN, 0.1294, 
0.06222, 0.06026, NaN, NaN, NaN, NaN, 0.03114, 0.07778, 0.0591, 
0.09081, 0.5551, NaN, 1.3234, 0.132, 0.3782, 0.04511, 0.007506, 
NaN, 1.5222, 0.148, 0.09049, 2.7702, 0.4491, 1.4615, 0.9584, 
1.5305, 1.4757, 1.2382, 1.0001, 1.5578, 2.2478, 1.6707, 2.5459, 
0.6668, 0.3699, 1.94, 1.275, 0.7051, 1.6484, 0.5512, 1.3906, 
0.4159, 1.2478, 3.0732, 2.1099, 0.5865, 0.945, 0.3354, 1.7922, 
0.239, 0.5664, 2.02, 3.0511, 2.7291, 0.3665, 0.8376, 1.7882, 
3.4789, 1.3335, 1.881, 2.0461, 1.6018, 1.4685, 1.5534, 2.3017, 
2.4187, 2.054, 0.5318, 2.1462, 0.3036, 1.8772, 1.5682, 0.1356, 
0.1223, 1.1132, 2.8685, 1.7988, 3.1256, 2.2902, 1.4813, 0.4623, 
1.4084, 0.6259, 1.2073, 0.7527, 2.1933, 0.9687, 0.9892, 0.5081, 
2.0403, 0.9461, NaN, 1.0929, 0.5606, 2.4519, 0.9914, 0.8632, 
0.2144, 0.7262, 2.0247, 1.117, 0.7838, 1.0047, 1.6309, 2.5259, 
1.0804, 2.2188, 1.7577, 0.1367, 0.4215, 2.5903, 0.07735, 1.7679, 
1.1298, 0.09624, 0.5323, 1.6493, 1.0477, 1.2888, 0.6568, 0.1725, 
1.5725, 1.5621, 1.6991, 1.1305, 1.393, 1.5057, 1.0868, 1.3434, 
0.3815, 0.7132, 0.9047, 1.5754, 0.1407, 1.4527, 0.07299, 0.4491, 
0.457, 2.0432, 1.3034, 0.3271, 1.6763, 0.08565, 0.144, 0.1607, 
0.1109, 0.1381, 0.184, 0.2979, 0.2076, 0.511, 0.1535, 1.8176, 
1.2194, 1.1645, 0.66, 0.7166, 0.1634, 1.3282, 0.5191, 0.2422, 
0.3881, 0.3094, 1.6408, 1.6905, 0.2581, 2.2479, 1.4229, 2.4121, 
2.6694, 1.145, 1.2942, 2.588, 1.6686, 0.6063, 1.712, 2.3666, 
1.068, 1.726, 2.4375, 1.3078, 1.7953, 1.5785, 1.6231, 2.5592, 
1.8879, 2.3292, 2.0131, 1.2852, 2.3033, 1.9179, 1.4902, 0.3962, 
2.7007, 0.4026, 1.1629, 1.1797, 0.8273, 0.07858, 0.4306, 2.1774, 
2.3058, 1.3497, 2.1242, 1.735, 0.3968, 0.9074, 0.1057, 0.4788, 
1.223, 1.7366, 1.7239, 2.2908, 0.7882, 0.2041, 1.0181, 1.7167, 
0.09158, 0.6939, 2.2279, 1.4811, 0.1282, 2.0961, 1.485, 0.9759, 
1.0907, 0.7037, 1.219, 1.3492, 0.6412, 1.723, 1.9172, 1.8683, 
3.0173, 0.1307, 1.6947, 1.8562, 1.7869, 2.4163, 2.5537, 0.2694, 
0.9161, 1.2684, 1.8299, 1.7438, 0.19, 0.169, 1.1576, 1.9634, 
1.576, 2.7907, 2.6547, 1.471, 2.5152, 0.9636, 0.7063, 1.6742, 
0.1544, 0.05933, 2.6424, 1.4296, 0.5723, 0.4125, 2.3625, 0.8496, 
1.2697, 2.8992, 1.5672, 2.7793, 0.579, 3.4013, 0.8156, 0.2636, 
1.4985, 2.042, 1.7095, 2.3708, 2.7325, 2.1572, 1.3646, 1.391, 
1.3063, 1.7969, 2.7201, 0.3476, 0.8697, 0.11, 1.6545, 0.08655, 
1.2534, 0.6525, 2.8404, 1.1703, 1.514, 0.4526, 1.1, 1.7752, 1.0319, 
1.4612, 0.7687, NaN, 1.1204, 2.3122, 1.0393, 2.3474, 3.0388, 
1.7367, 1.6492, 0.1873, 2.2327, 0.3517, 0.2358, 1.7778, 1.516, 
0.04009, 0.9207, 2.5989, 1.4825, 0.5821, 1.3732, NaN, NaN, 0.08781, 
0.5114, 0.07928, 0.1637, 0.1884, 0.1294, 0.1559, 0.1387, 0.1244, 
0.1341, 0.2927, 0.5635, 0.3286, 0.1449, 0.2746, NaN, 0.136, 0.3096, 
0.6231, 0.2463, 0.2462, 0.1646, 0.5605, 0.9943, NaN, 0.1329, 
0.8034, 0.03682, NaN, 0.1758, 0.1311, 1.2978, 0.3509, 0.552, 
0.03833, 0.1018, 0.6127, NaN, 0.2709, 0.5522, 0.4678, 0.2995, 
0.2872, 1.13, 0.978, NaN, NaN, 0.1258, 0.4035, 0.1463, 0.5843, 
NaN, 0.09743, 0.09783, 0.2361, 0.611, 1.0563, 0.6049, 0.1849, 
0.807, 0.07543, 0.2131, 0.6211, 0.5098, 0.1484, 1.0484, 0.04857, 
0.2053, 0.1929, NaN, 0.1584, 0.1244, 0.1647, 0.3759, 1.5993, 
0.1738, 0.1667, 0.1363, 0.4717, 0.6329, 0.2539, 0.1112, 0.1035, 
0.9832, 0.9683, 0.6718, 0.7316, 0.4104, 0.08467, 0.2088, 0.7487, 
0.08645, 0.2302, 0.3988, 0.04164, 0.5717, 1.1892, 0.5966, NaN, 
0.1616, 0.1424, 0.6194, 0.5246, NaN, 0.8869, 0.2916, NaN, 0.237, 
NaN, 0.2186, 0.1511, 0.08811, 0.4298, NaN, NaN, 0.05154, 0.1461, 
0.2181, 0.3298, 0.1883, 0.04701, 0.3154, 0.04957, 0.08416, 0.08917, 
0.1442, NaN, 0.1606, 0.1595, NaN, 0.1018, 0.5044, NaN, 0.189, 
NaN, 0.1082, NaN, 0.2654, 0.1796, NaN, 0.2179, 0.125, 0.2495, 
NaN, 0.1435, NaN, 0.1684, NaN, 0.1338, NaN, NaN, 0.6949, NaN, 
0.3732, 0.09445, 0.07066, 0.1499, 0.09342, 0.5156, 0.3194, 0.3485, 
0.5077, 0.1851, 0.1171, 0.5252, 0.3532, 0.5337, 0.4019, NaN, 
0.3566, NaN, 0.503, 0.1102, 1.7023, 0.09339, 0.3279, NaN, 0.26, 
0.1086, 0.1504, 0.6892, 0.129, 0.2787, NaN, 0.122, 0.0497, 0.2374, 
0.06406, 0.0512, 0.7982, 0.36, 0.624, 0.78, NaN, 0.0886, 0.1372, 
0.1717, 0.00239, 0.09244, NaN, 0.374, 0.07612, NaN, 0.4486, 0.237, 
NaN, 0.2285, 0.186, 0.3665, 0.2722, 0.1979, 0.2123, NaN, 1.2411, 
0.07419, 0.6168, 0.1108, 1.0986, 0.5546, 0.7554, 0.04976, 0.0931, 
0.4361, 1.4031, 0.3035, 0.03565, 0.09525, 0.2015, NaN, 0.4274, 
1.6523, 0.7535, NaN, NaN, 0.266, 0.1009, 0.1635, 0.1102, 0.05533, 
0.7951, 0.1911, 0.2044, 0.0372, 0.6017, 0.4073, 0.8006, NaN, 
0.1862, 0.223, 0.1719, 0.3714, 0.1222, 0.0636, 0.1723, 0.233, 
0.8012, 0.7615, 0.4291, 0.07655, 0.321, 0.6484, 0.2167, 0.08912, 
0.2374, NaN, 0.3019, NaN, 0.5132, NaN, 0.2724, 0.3509, 0.2411, 
0.8234, NaN, 0.8684, 0.4779, 0.5314, 0.2237, 0.2137, 0.2395, 
0.2432, 0.2202, 0.9167, NaN, 0.6345, 0.9365, 0.4014, NaN, 0.176, 
0.9012, 0.1202, 0.1109, 0.4522, 0.2594, 0.5316, 0.2477, 0.6427, 
0.3028, 0.199, NaN, NaN, 0.09016, 0.1324, NaN, 0.05319, 0.1266, 
0.2757, NaN, 0.1815, 0.3019, 0.106, 0.1102, 0.1698, 0.4993, 0.3803, 
0.07026, 0.23, NaN, 0.1128, 0.225, 0.5222, 0.248, 0.1252, 0.1635, 
0.4547, 0.8577, NaN, 0.1225, 0.3095, 0.1369, NaN, 0.1244, 0.05533, 
0.9691, 0.2968, 0.4254, NaN, 0.0556, NaN, NaN, 0.1385, 0.3131, 
0.2257, 0.1502, 0.1372, 0.7965, NaN, NaN, NaN, 0.1214, 0.2954, 
0.1057, 0.4278, NaN, 0.01711, 0.05873, 0.06878, 0.4217, 0.6073, 
0.2421, 0.1277, 0.7752, 0.07262, 0.1682, 0.2866, 0.4011, 0.1475, 
0.6244, 0.04718, 0.1807, 0.2321, NaN, 0.1894, 0.05529, 0.187, 
0.3534, 1.1408, 0.07738, 0.1721, 0.2033, 0.3359, 0.306, 0.2661, 
0.1175, 0.105, 0.5402, 1.0652, NaN, 0.3643, 0.3092, 0.1509, 0.1321, 
NaN, 0.1105, 0.1676, 0.1809, 0.05706, 0.5493, 1.2176, NaN, NaN, 
0.1346, 0.1617, 0.6627, 0.4254, 0.3551, 0.1427, 0.307, 0.3737, 
0.1537, NaN, 0.271, NaN, NaN, NaN, NaN, NaN, NaN, NaN, 0.1696, 
NaN, 0.1766, NaN, 0.3362, NaN, NaN, 0.1096, NaN, NaN, NaN, NaN, 
NaN, NaN, NaN, NaN, NaN, NaN, 0.1246, NaN, NaN, 0.1507, NaN, 
NaN, 0.1125, NaN, 1.0174, 0.09193, NaN, 0.1593, 0.4059, NaN, 
NaN, NaN, NaN, NaN, 0.3931, NaN, 0.15, 0.1132, 0.08322, 0.6572, 
0.1598, 0.3165, 0.4421, 0.3165, 0.09732, NaN, 0.3116, 0.1817, 
0.569, 0.1359, 0.05475, NaN, 0.527, 0.9754, 0.1291, 0.1551, 0.5674, 
NaN, 0.4081, 0.3407, 0.1369, 0.2945, 0.3585, 0.1474, NaN, 0.26, 
0.1628, 0.1694, 0.3226, 0.1052, 0.1195, 0.1446, 0.1079, 0.9762, 
NaN, NaN, 0.0882, 0.1228, 0.0982, 0.08904, NaN, 0.08662, 0.1356, 
NaN, 0.05467, 0.1025, NaN, 0.2396, 0.07104, 0.1906, NaN, 0.3778, 
0.1998, NaN, 0.8449, 0.1519, 0.2003, 0.1005, 0.8696, 0.2982, 
NaN, 0.8454, 0.09832, 0.2584, 1.5724, 0.2668, 0.0689, 0.1093, 
0.2353, NaN, 0.1892, 1.2422, 0.445, NaN, NaN, 0.3102, 0.1027, 
0.2098, 0.2158, 0.02492, 0.5945, 0.2311, 0.2884, 0.02255, 0.2762, 
0.2534, 0.827, NaN, 0.1408, 0.9197, 0.2398, 0.3719, NaN, 0.05347, 
0.1115, 0.3072, 0.8571, 0.6577, 0.319, 0.1253, 0.1056, 0.3547, 
NaN, 0.09555, 0.5123, NaN, 0.408, NaN, 0.2437, NaN, 0.2946, 0.1957, 
0.1851, 0.5244, NaN, 0.5506, 0.5052, 0.4693, 0.1718, 0.06097, 
0.2403, 0.1709, 0.1012, NaN, 0.1033, 0.299, 0.4987, NaN, NaN, 
0.06065, 0.09239, 0.01916, 0.08381, 0.1533, 0.2972, 0.4269, 0.1727, 
0.3015, 0.2823, 0.2917, 0.1028, 0.128, NaN, NaN, 0.1023, 0.0928, 
0.09028, 0.1432, 0.05697, 0.1068, 0.2497, 0.07404, 0.1312, 0.1251, 
NaN, 0.422, 0.04466, 0.1448, 0.1821, 0.1416, 0.2089, 0.2002, 
0.1189, 0.06832, 0.0525, 0.1719, 0.5376, 0.2154, 0.1013, 0.1858, 
0.09603, 0.3699, 0.06332, NaN, 0.6748, NaN, 0.3433, NaN, NaN, 
0.1711, 0.5406, 0.1414, 0.197, NaN, 0.09829, 0.09471, 0.5648, 
NaN, NaN, NaN, NaN, 0.07806, 0.04344, NaN, NaN, 0.05362, 0.06701, 
0.05177, 0.2259, 0.1546, 0.1575, 0.06596, 0.6219, 0.03071, NaN, 
0.4078, 0.3264, NaN, 0.4506, NaN, 0.1718, NaN, NaN, NaN, NaN, 
0.09897, 0.221, 0.677, 0.03865, 0.06711, 0.0699, NaN, 0.2376, 
0.1336, 0.1474, 0.05163, 0.5176, 0.679, NaN, NaN, NaN, NaN, NaN, 
NaN, 0.0526, 0.142, 0.1285, 0.0406, 0.4514, 1.1189, 1.1662, 0.01743, 
0.1239, NaN, 0.3654, 0.3198, 0.1581, 0.1446, 0.2005, NaN, NaN, 
NaN, 0.2031, NaN, NaN, 0.484, 0.01585, NaN, 0.06087, 0.09991, 
NaN, NaN, NaN, NaN, NaN, NaN, NaN, NaN, NaN, NaN, NaN, NaN, NaN, 
0.1098, NaN, 0.05769, 0.2125, NaN, NaN, NaN, NaN, NaN, NaN, NaN, 
NaN, NaN, NaN, NaN, NaN, NaN, 0.2336, 0.0993, 0.4442, 0.2597, 
0.301, NaN, NaN, NaN, 0.1439, 0.03678, 0.05478, 0.3508, NaN, 
NaN, NaN, 0.3409, NaN, NaN, 0.2814, 0.1963, 0.359, 0.07277, 0.3654, 
NaN, 0.1528, 0.1154, 0.6791, 0.05107, 0.2342, NaN, 0.197, 0.1077, 
NaN, 0.6472, NaN, 0.3169, 0.2732, 0.02876, 0.002728, NaN, 0.07898, 
0.3976, 0.04323, 0.3513, 0.2045, 0.3369, 0.02076, NaN, 0.1042, 
0.1276, 0.02787, 0.04537, NaN, 0.4024, 0.07234, NaN, 0.446, NaN, 
NaN, NaN, NaN, 0.04835, 0.1413, 0.1625, 0.1481, NaN, 0.7347, 
NaN, 0.08253, 0.03069, 0.6394, 0.1633, -0.02061, 0.03458, 0.08927, 
NaN, 1.5792, 0.09189, 0.06008, 0.08945, 0.09638, NaN, NaN, 1.063, 
0.3834, NaN, NaN, NaN, 0.08207, NaN, NaN, NaN, NaN, 0.1898, NaN, 
0.04664, 0.3889, NaN, 0.8159, NaN, 0.1654, 0.5414, 0.2196, NaN, 
NaN, 0.06354, 0.05988, 0.4623, 0.7552, 0.5876, 0.378, 0.0866, 
0.06494, 0.1824, 0.2299, NaN, 0.4987, 0.03735, 0.378, NaN, 0.2206, 
0.09034, NaN, NaN, 0.1489, 0.4658, NaN, 0.5344, 0.3213, 0.4869, 
0.103, NaN, NaN, NaN, 0.08776, 0.1054, 0.101, NaN, NaN, NaN, 
NaN, 0.06237, 0.1281, -0.00099, 0.115, 0.08286, NaN, 0.3432, 
0.1435, 0.286, 0.2613, 0.03367, NaN), .Dim = c(302L, 4L, 3L))
