structure(list(N = 302L, Nobs = 946L, I = 3, SamplingTimes = c(114, 
17, 192, 219, 30, 31, 25, 15, 186, 192, 115, 416, 99, 203, 25, 
417, 184, 194, 97, 182, 23, 107, 397, 33, 21, 74, 108, 490, 180, 
454, 92, 76, 31, 209, 116, 221, 121, 211, 462, 136, 459, 438, 
162, 33, 101, 104, 35, 56, 76, 26, 484, 418, 42, 95, 236, 193, 
365, 265, 14, 162, 79, 200, 34, 265, 101, 436, 22, 131, 21, 180, 
198, 14, 116, 19, 32, 26, 171, 197, 16, 29, 447, 427, 106, 101, 
455, 221, 208, 17, 86, 157, 41, 80, 223, 287, 420, 360, 107, 
235, 192, 238, 29, 463, 23, 159, 99, 450, 18, 104, 410, 350, 
212, 275, 436, 25, 99, 411, 376, 146, 107, 171, 111, 109, 90, 
363, 123, 20, 83, 420, 18, 33, 442, 27, 25, 49, 180, 25, 414, 
33, 177, 196, 202, 152, 422, 187, 27, 19, 272, 367, 185, 107, 
26, 93, 18, 436, 112, 210, 159, 40, 410, 144, 32, 175, 80, 203, 
177, 23, 30, 417, 28, 270, 468, 109, 194, 119, 229, 454, 218, 
97, 80, 383, 22, 266, 425, 20, 109, 23, 455, 134, 362, 427, 84, 
98, 457, 227, 29, 441, 17, 176, 20, 110, 211, 100, 19, 427, 25, 
20, 341, 110, 18, 240, 188, 106, 401, 317, 17, 226, 414, 171, 
24, 80, 190, 92, 520, 255, 417, 108, 206, 207, 62, 25, 110, 251, 
76, 467, 41, 19, 156, 106, 202, 198, 217, 47, 177, 221, 38, 24, 
177, 134, 270, 18, 211, 196, 232, 115, 101, 16, 22, 212, 124, 
210, 360, 20, 438, 223, 107, 106, 129, 14, 200, 105, 20, 177, 
193, 427, 230, 19, 447, 373, 42, 221, 411, 484, 37, 341, 22, 
451, 40, 30, 101, 135, 19, 165, 380, 33, 19, 434, 101, 153, 110, 
26, 21, 197, 89, 207, 465, 15, 168, 436, 24, 97, 25, 227, 88, 
94, 43, 159, 200, 38, 96, 49, 28, 441, 20, 54, 24, 128, 470, 
257, 255, 157, 415, 58, 463, 443, 23, 13, 108, 27, 86, 254, 14, 
117, 421, 19, 133, 18, 112, 420, 107, 18, 175, 56, 24, 54, 448, 
34, 196, 408, 427, 24, 7, 17, 183, 93, 209, 109, 69, 98, 28, 
159, 24, 23, 172, 107, 104, 232, 454, 27, 26, 422, 108, 29, 211, 
13, 24, 459, 443, 22, 109, 436, 26, 25, 332, 187, 73, 188, 287, 
107, 99, 116, 104, 92, 25, 192, 238, 463, 251, 240, 176, 86, 
442, 484, 19, 459, 381, 136, 26, 199, 24, 117, 22, 90, 157, 202, 
101, 312, 237, 208, 211, 26, 98, 34, 401, 363, 269, 29, 380, 
422, 275, 418, 82, 249, 179, 40, 20, 376, 116, 200, 180, 397, 
454, 186, 171, 106, 19, 19, 85, 224, 27, 192, 24, 100, 414, 174, 
197, 278, 373, 265, 86, 419, 109, 419, 107, 169, 192, 401, 175, 
26, 109, 263, 97, 136, 16, 448, 88, 19, 109, 32, 22, 16, 114, 
401, 15, 210, 87, 183, 184, 18, 14, 120, 196, 34, 55, 51, 27, 
18, 34, 19, 223, 422, 51, 451, 182, 401, 287, 459, 151, 15, 35, 
181, 104, 19, 49, 213, 450, 92, 116, 20, 92, 14, 87, 427, 234, 
49, 425, 19, 98, 113, 445, 465, 12, 24, 101, 409, 198, 15, 112, 
33, 436, 247, 230, 35, 82, 192, 228, 253, 114, 23, 22, 455, 88, 
185, 15, 227, 390, 14, 360, 84, 89, 168, 215, 202, 23, 23, 185, 
72, 110, 240, 185, 27, 87, 137, 185, 101, 468, 100, 419, 31, 
104, 229, 16, 388, 115, 88, 321, 137, 152, 29, 185, 110, 96, 
97, 422, 19, 16, 463, 457, 436, 96, 422, 89, 202, 114, 265, 185, 
187, 14, 22, 102, 388, 22, 28, 437, 161, 459, 93, 178, 463, 26, 
92, 436, 286, 177, 448, 273, 92, 97, 440, 24, 221, 54, 193, 211, 
391, 98, 427, 20, 171, 14, 25, 21, 20, 113, 27, 133, 125, 36, 
226, 212, 172, 26, 177, 432, 468, 175, 124, 465, 80, 185, 341, 
87, 199, 187, 312, 173, 246, 98, 23, 32, 34, 21, 137, 422, 223, 
397, 36, 185, 42, 114, 141, 422, 33, 445, 211, 93, 17, 458, 232, 
173, 425, 88, 17, 416, 20, 205, 98, 86, 20, 253, 417, 29, 28, 
212, 90, 48, 14, 37, 410, 26, 402, 286, 117, 129, 109, 190, 39, 
242, 79, 24, 249, 324, 55, 454, 196, 168, 410, 18, 200, 16, 22, 
171, 184, 118, 215, 197, 56, 308, 23, 425, 58, 110, 22, 341, 
438, 188, 316, 91, 458, 253, 107, 265, 206, 104, 104, 183, 446, 
101, 54, 377, 415, 284, 42, 92, 415, 183, 109, 29, 451, 116, 
82, 90, 38, 109, 261, 316, 363, 90, 87, 133, 451, 442, 208, 348, 
20, 426, 187, 104, 236, 208, 19, 91, 18, 92, 192, 208, 41, 18, 
28, 390, 24, 22, 89, 33, 442, 278, 265, 212, 236, 208, 98, 196, 
29, 447, 178, 21, 192, 350, 111, 373, 113, 184, 231, 22, 106, 
201, 443, 234, 133, 457, 110, 21, 112, 29, 197, 24, 89, 19, 108, 
25, 35, 438, 23, 97, 216, 151, 381, 104, 195, 214, 49, 202, 147, 
422, 157, 107, 110, 22, 21, 373, 107, 119, 16, 478, 184, 120, 
202, 21, 22, 17, 445, 108, 110, 19, 136, 48, 395, 209, 186, 1470, 
196, 401, 223, 451, 428, 107, 102, 34, 427, 21, 459, 22, 463, 
251, 257, 48, 423, 40, 412, 444, 254, 19, 315, 438, 14, 367, 
14, 109, 23, 223, 21, 210, 88, 23, 183, 458, 111, 34, 428, 171, 
84, 192, 184, 441, 23, 206, 380, 459, 164, 402, 27, 31, 97, 206, 
261, 423, 208), ID = c(1, 2, 3, 4, 5, 6, 7, 8, 9, 10, 11, 12, 
13, 14, 15, 16, 17, 18, 19, 20, 21, 22, 23, 24, 25, 26, 27, 28, 
29, 30, 31, 32, 33, 34, 35, 36, 37, 38, 39, 40, 41, 42, 44, 45, 
46, 47, 48, 49, 50, 51, 52, 53, 54, 55, 56, 57, 58, 59, 60, 61, 
62, 63, 64, 65, 66, 67, 68, 69, 70, 71, 72, 73, 75, 76, 77, 78, 
79, 80, 82, 83, 84, 85, 86, 87, 88, 89, 90, 91, 92, 93, 94, 95, 
96, 97, 98, 99, 100, 101, 102, 103, 104, 105, 106, 107, 108, 
109, 110, 111, 112, 113, 114, 115, 116, 117, 118, 119, 120, 121, 
122, 123, 124, 125, 126, 127, 128, 129, 130, 131, 132, 133, 134, 
135, 136, 137, 138, 139, 140, 141, 142, 143, 144, 145, 146, 147, 
148, 149, 150, 151, 152, 153, 154, 155, 156, 157, 158, 159, 160, 
161, 162, 163, 164, 165, 166, 167, 168, 169, 170, 171, 172, 173, 
174, 175, 176, 177, 178, 179, 180, 181, 182, 183, 184, 185, 186, 
187, 188, 189, 190, 191, 192, 193, 194, 195, 196, 197, 198, 199, 
200, 201, 202, 203, 204, 205, 206, 207, 208, 209, 210, 211, 212, 
213, 214, 215, 216, 217, 218, 219, 220, 221, 222, 223, 224, 225, 
226, 227, 228, 229, 230, 231, 232, 233, 234, 235, 236, 237, 238, 
239, 240, 241, 242, 243, 244, 245, 246, 247, 248, 249, 250, 251, 
252, 253, 254, 255, 256, 257, 258, 259, 260, 261, 262, 263, 264, 
265, 266, 267, 268, 269, 270, 271, 272, 273, 274, 275, 276, 277, 
278, 279, 280, 281, 282, 284, 285, 286, 287, 288, 289, 290, 291, 
292, 293, 294, 295, 296, 297, 298, 299, 300, 301, 302, 3, 4, 
5, 6, 7, 8, 9, 10, 11, 12, 13, 14, 15, 16, 17, 19, 20, 21, 22, 
23, 24, 25, 26, 28, 29, 30, 32, 33, 34, 35, 36, 37, 38, 39, 41, 
42, 43, 44, 45, 46, 47, 51, 52, 53, 55, 56, 57, 58, 59, 60, 61, 
62, 63, 64, 65, 66, 68, 69, 70, 71, 73, 74, 75, 76, 77, 78, 79, 
81, 82, 83, 84, 85, 86, 87, 88, 89, 90, 91, 92, 93, 94, 95, 96, 
97, 98, 99, 100, 102, 103, 104, 105, 107, 108, 110, 112, 113, 
114, 115, 118, 119, 120, 121, 122, 123, 124, 125, 126, 127, 128, 
130, 131, 133, 134, 136, 138, 140, 141, 143, 144, 145, 147, 149, 
151, 154, 156, 157, 158, 159, 160, 161, 162, 163, 164, 165, 166, 
167, 168, 169, 170, 172, 174, 175, 176, 177, 178, 180, 181, 182, 
183, 184, 185, 187, 188, 189, 190, 191, 192, 193, 194, 195, 197, 
198, 199, 200, 201, 203, 204, 206, 207, 209, 210, 211, 212, 213, 
214, 216, 217, 218, 219, 220, 221, 222, 224, 225, 226, 227, 228, 
229, 230, 232, 233, 234, 237, 238, 239, 240, 241, 242, 243, 244, 
245, 246, 247, 248, 250, 251, 252, 253, 254, 255, 256, 257, 258, 
259, 260, 261, 262, 263, 264, 265, 266, 268, 270, 272, 273, 274, 
275, 277, 278, 279, 280, 281, 282, 283, 284, 285, 287, 288, 289, 
291, 292, 293, 294, 295, 296, 297, 298, 299, 300, 301, 2, 3, 
5, 6, 7, 9, 10, 11, 12, 13, 14, 16, 17, 20, 21, 22, 23, 24, 25, 
26, 28, 29, 30, 32, 33, 34, 35, 36, 38, 41, 42, 43, 44, 45, 46, 
50, 51, 52, 53, 56, 57, 58, 59, 60, 61, 62, 63, 64, 65, 66, 67, 
68, 69, 70, 71, 73, 74, 75, 76, 77, 78, 79, 80, 81, 82, 83, 84, 
85, 86, 87, 89, 90, 91, 92, 94, 95, 96, 98, 99, 102, 103, 104, 
105, 106, 107, 108, 109, 110, 112, 120, 122, 124, 127, 138, 141, 
144, 146, 147, 149, 150, 156, 158, 159, 160, 161, 162, 163, 164, 
165, 166, 168, 169, 170, 171, 172, 174, 175, 176, 177, 178, 180, 
181, 182, 183, 184, 185, 187, 188, 189, 190, 191, 192, 193, 194, 
195, 198, 199, 200, 201, 203, 204, 206, 207, 209, 210, 213, 214, 
216, 217, 218, 219, 220, 221, 223, 224, 225, 226, 227, 228, 229, 
230, 232, 233, 234, 237, 239, 240, 241, 242, 243, 244, 246, 247, 
248, 250, 251, 252, 253, 255, 256, 257, 258, 259, 260, 261, 262, 
263, 265, 266, 268, 270, 272, 273, 274, 275, 277, 278, 279, 280, 
281, 282, 284, 286, 287, 288, 291, 292, 293, 294, 295, 296, 297, 
298, 299, 300, 301, 302, 1, 4, 6, 7, 8, 9, 10, 11, 12, 13, 15, 
16, 17, 18, 19, 20, 21, 22, 24, 25, 26, 27, 28, 29, 30, 31, 32, 
34, 36, 39, 40, 41, 42, 44, 45, 46, 51, 52, 56, 57, 58, 59, 60, 
61, 62, 63, 65, 66, 68, 70, 75, 76, 77, 78, 79, 82, 83, 84, 85, 
86, 87, 94, 95, 96, 97, 98, 99, 100, 101, 102, 104, 105, 106, 
107, 108, 112, 115, 118, 119, 133, 135, 150, 151, 152, 153, 154, 
158, 159, 160, 161, 165, 168, 169, 170, 171, 172, 174, 175, 176, 
177, 178, 180, 181, 183, 185, 186, 187, 188, 190, 191, 192, 193, 
194, 195, 196, 198, 199, 200, 201, 203, 204, 206, 211, 212, 213, 
214, 216, 218, 219, 220, 221, 223, 224, 226, 227, 228, 229, 230, 
233, 234, 238, 243, 245, 246, 248, 250, 251, 252, 255, 256, 257, 
258, 259, 260, 261, 262, 263, 264, 266, 267, 268, 270, 271, 274, 
275, 277, 278, 279, 280, 284, 285, 286, 291, 292, 294, 295, 297, 
298, 299, 300, 301), TestData = structure(c(3.83092787854816, 
2.30664118861743, 3.53881041026969, 1.907496190257, 2.92923402787348, 
2.7946355139475, 0.904076236993944, 2.3337379201037, 2.72023580363064, 
2.69413169317289, 3.16557427993144, 1.92319144004718, 4.75879739066422, 
2.55961024522749, 2.38369995163008, 2.33092843753317, 1.98069402105254, 
2.11356252132378, 2.0773415923319, 3.73525521442151, 2.00945035779523, 
3.56351998951508, 1.55828307407592, 0.991121233489402, 0.629099812223591, 
2.45611328599295, 4.00158478732572, 1.24986725163451, 3.49607421491977, 
2.35524490330342, 1.94166667154967, 3.3376368417383, 1.54854981659329, 
3.4289522159018, 0.98768422338961, 1.60071513960016, 1.4704451822861, 
2.22577540439754, 2.02421415798438, 2.27549701334247, 1.09933933752268, 
3.36105570284968, 2.21664102733083, 2.60387395833886, 2.43731342733902, 
1.78858639950964, 2.66752621528963, 2.52508238057479, 2.14787277731838, 
2.964247902793, 2.78745326471573, 1.50457381380553, 1.62672468417674, 
1.97554797365832, 2.27587742918451, 1.84635406896809, 1.86584594291633, 
2.447846735293, 3.69805545776534, 1.27713705864839, 3.05102080421809, 
2.89694876779307, 1.21701769345091, 2.14929659948171, 1.12509365044756, 
3.79982076161336, 1.28016127329357, 2.61454691090799, 1.58115125967216, 
1.00856150466344, 3.64962799868847, 1.89792050475588, 1.28157678591565, 
2.13970967060765, 2.0954542337212, 1.87918504446744, 1.67515080972073, 
1.31593517982037, 4.81662086226569, 2.0291372596596, 1.39639589851601, 
2.82798914212965, 2.12286991691376, 2.04517167050484, 1.27258926897129, 
2.05767312296562, 1.56557228599357, 3.76804935395566, 3.13462787865532, 
3.76512912090282, 1.16980298669788, 2.74619412213605, 1.69678259750137, 
2.42335236917526, 3.29910592556142, 3.92610075985018, 2.62768237663294, 
1.85404035407764, 4.10579687251396, 3.80935696828125, 5.71770383560228, 
4.49739918421827, 3.00070428136353, 2.44473333038008, 2.25032689665772, 
1.8409707427384, 1.98598373263824, 4.5390932283881, 3.96118599596147, 
1.47346198438246, 2.85098255796765, 3.4717684114468, 1.99475221025422, 
1.33908392984905, 3.41369623666934, 3.77066213424374, 1.80915654290422, 
1.22243897174718, 1.64775332182877, 2.31951226844385, 2.27779397337665, 
2.513059793766, 1.44142608598254, 1.86455733222482, 2.3723308573808, 
2.51522395803961, 2.90887899637587, 1.62050025379893, 3.23367270294871, 
2.03472505408952, 2.15689105019486, 4.65473547657551, 2.52989918733924, 
1.69701213778679, 1.69422145918662, 2.12614965603986, 1.32216014477107, 
2.24372094490532, 2.06591466715765, 3.90905084977941, 2.83544813212489, 
2.2197208324147, 2.20769127000242, 2.5750070688433, 1.67563049696982, 
2.44285101052437, 5.18327468969213, 1.46539906963019, 2.10048856407347, 
3.54139931178725, 2.3307096011961, 3.98380919327987, 2.66782847158135, 
2.88850066311439, 2.64012726891758, 1.74555532701068, 4.37254938224825, 
2.64532108749317, 0.937966731260505, 2.13561534620885, 3.09376965203928, 
1.50982406658611, 2.01988960890562, 1.95492975611002, 2.07089539498958, 
2.56398153172986, 1.70653205731058, 1.92993410079932, 3.5304567224845, 
4.05518783750832, 4.70344701948051, 2.71896155042425, 1.67031035419006, 
1.70333939182176, 1.56714227511814, 2.96399203854092, 2.77729873631707, 
3.39417897306663, 1.92290076404021, 1.10994361990736, 1.26737660644879, 
1.92012342372669, 2.65136140374523, 2.48113496968349, 1.5915463015732, 
1.26097519574715, 2.1050324132402, 1.52428497967633, 3.60617479024279, 
0.958294004274832, 2.04577855552274, 1.49604874056345, 2.13055938606672, 
2.2225519484983, 1.15617053474425, 5.03384246490966, 1.80912993315343, 
2.38709221005783, 2.35075184408832, 2.48391918728545, 2.61271632245875, 
0.855463828780203, 1.57636884517111, 1.59409038920549, 2.26561857735005, 
2.14521803807615, 2.20085848740373, 1.23564300131528, 1.42688863862932, 
2.30373428212417, 3.7525803301161, 3.45156579760038, 1.8429484304035, 
2.72646099035212, 1.85096727013715, 2.8895986660404, 1.62350397479303, 
3.13775196148585, 1.16920417405783, 1.58219864586212, 2.07583845345418, 
4.47124497710023, 7.40601752235144, 1.71422116903132, 3.32436828510362, 
3.32483413773051, 4.40417284247527, 2.3181696373087, 1.54448536775018, 
1.77587669173802, 1.4910060268346, 2.16548237297722, 1.72888696655929, 
1.72854749673468, 2.56835200474127, 2.51603880517538, 1.30434613366495, 
2.11784289397574, 2.15786186148001, 1.12868231946307, 2.03374661353321, 
1.90577548431558, 0.877245624672396, 1.13786286518089, 2.3035127063144, 
4.45308104894172, 2.35266621396711, 3.34629565756217, 2.01509416202324, 
2.40718379067441, 4.54629886967608, 1.56762883812915, 2.06727742677101, 
2.20478729088457, 2.14893409979262, 4.72875729661571, 2.34246219641469, 
1.22781998734751, 1.80386425280037, 2.57691765759295, 1.55848787492817, 
1.7498362280709, 2.26006076365388, 1.27188624103234, 1.16004890815484, 
3.58925906933427, 1.501794939406, 2.37398534218613, 3.34273756694981, 
2.22481900584302, 0.848736307477674, 2.03812953408418, 1.09059430254572, 
3.11509698363124, 1.10551817174757, 2.74342603897784, 2.31659016716369, 
1.94396257930318, 1.82883798819227, 4.37152984411988, 3.15165819126006, 
1.10484602704925, 4.09712584826275, 2.77614917129835, 2.61616514988728, 
3.15068849060205, 3.1318231105642, 1.29703851981131, 2.42468740414725, 
2.07054463753083, 1.74563087771947, 2.22868923233352, 3.15953806399182, 
2.93447950848955, 1.75716742088479, 1.57753808636141, 4.23071076037158, 
2.74004284003786, 3.64900663082098, 2.29601132168787, 1.88779094608543, 
1.52576103919086, 2.62150214026684, 1.90914874123294, 2.18007550452045, 
4.35251523553355, 2.05280952388039, 1.67795041852791, 2.37717257280825, 
1.97964276896164, 2.03344929458858, 3.08092308738311, 1.62980048788246, 
2.74266997098225, 2.11730836127599, 2.23724066504236, 2.75392406526909, 
1.53815271478277, 2.48610107942143, 2.75085353951441, 1.71510811409745, 
3.32708479529395, 1.20307464083741, 2.13044527435661, 1.73283006047416, 
1.49249252405148, 1.60175506252422, 3.26621690898613, 2.02630270376304, 
1.87686871865399, 1.56511008287229, 3.27324546503228, 2.23371503102543, 
1.8049914188563, 3.41442978065782, 3.46083755518145, 2.58149207552578, 
2.71619738984518, 1.76152355644784, 2.25104819143538, 2.74680542284676, 
1.54149729269779, 3.3826739660399, 3.2396981269456, 2.47002097135089, 
1.82726548823349, 1.7781018019269, 1.2891027956064, 1.22911528482288, 
3.83646993049471, 2.24364545678788, 2.58448387864877, 2.20007017793313, 
2.17106038423019, 3.14434714406936, 2.53527958234509, 2.57327540947654, 
1.63068225800526, 3.00895616050115, 2.08057326864362, 2.21252549974715, 
1.34183045469675, 2.37928620487177, 1.86174843838548, 2.14408085378209, 
3.25844404833664, 0.76567302210288, 3.72327258700456, 1.92299702484496, 
2.01736237696386, 2.78743826375405, 3.25281264622072, 2.42572173382822, 
3.06281369517404, 2.41756979909949, 3.34598804201233, 2.07883257391835, 
1.93787445736246, 3.32043354522014, 1.19184231002788, 2.85101602672787, 
0.955351172011935, 0.959216567814375, 2.31466876142544, 1.06353768941538, 
1.56907022223291, 2.25811085676728, 4.95961277518861, 2.71521860579698, 
1.63446122951127, 1.86942593386744, 1.84499639519771, 2.04688358368224, 
1.93778009266502, 2.44509163747146, 2.27497053653676, 2.11652225029275, 
2.86897445252537, 4.81574183530047, 1.38838900099346, 5.86560003078016, 
2.14395022656505, 1.87054661934724, 2.38001414864845, 1.56027649219546, 
2.1932009885929, 0.872578609975247, 2.48269886821056, 2.63802732992953, 
1.51920993908665, 4.28932603868327, 1.45881015052536, 2.45341688923639, 
1.09243601946977, 1.05324356885938, 3.05665833918781, 1.91497268539855, 
3.53770612913323, 2.44070805279327, 1.77949723775712, 1.74013406438173, 
1.71551645521975, 2.30020948944437, 0.899965037056521, 1.89424956658728, 
2.10666416611604, 5.07096747801932, 2.47119103414457, 3.12814882512703, 
1.17173095425576, 1.81344365567642, 2.88400126766655, 1.54080872099471, 
1.99702248496336, 3.58342489348861, 3.02937905550099, 3.66631327095844, 
1.0494312091348, 1.6926536447192, 2.65981378943243, 3.19423589816655, 
1.58707276862205, 2.23127837964538, 1.20484769634711, 1.02022558616906, 
2.00489736270307, 1.99921897167395, 1.18014474649196, 2.52646254090481, 
2.44704866870283, 2.64748712616187, 2.45649408016153, 2.28054246278855, 
1.77582576850756, 1.25144207855723, 2.45957898863894, 1.91413835009185, 
2.11618461486964, 1.62753908328305, 1.06691809822252, 1.54558614050336, 
3.3783506162785, 2.69003287752211, 1.8963838412021, 2.34708722176901, 
1.98453610403381, 3.93590316601217, 2.6314054158291, 2.54958214230674, 
3.4010938351344, 2.89122454435855, 2.05398433774859, 1.38644053756077, 
1.56896190584183, 1.61021248847827, 2.06653312947094, 2.83568654536855, 
1.38310231206697, 1.27443987852298, 1.33247593272427, 2.20541390082475, 
3.05004310134135, 1.40128464207566, 3.16490128866882, 1.31783700827721, 
2.21823326308416, 1.11935428380035, 2.9869852502541, 2.19985983128503, 
1.5609012533279, 2.24864459442778, 2.18840958720496, 3.57336685321793, 
2.23841976620923, 1.98762196324939, 2.23245065004229, 1.62974110770526, 
2.18709692186229, 3.5971566460206, 2.55577826521812, 2.53217409137204, 
1.81233705917478, 1.20440436071302, 4.14144309682816, 2.78938637590861, 
2.57383208150627, 1.89678796509825, 1.65946573270623, 3.12720713020892, 
2.02905863391866, 1.43396776002117, 2.41089934892787, 1.43804425535683, 
2.42573058214056, 3.1137710092681, 2.77520024647281, 1.57245670677999, 
0.849401600131579, 2.31080258289438, 1.83682188476649, 1.60495313794315, 
2.05893948016012, 4.12939968278209, 4.50094563330696, 2.47649028499664, 
2.06129189467182, 4.01177592501016, 1.53685866548686, 2.69608912949084, 
2.36683435215826, 2.53480755777704, 1.53728099417494, 1.97224481109512, 
0.915798412434094, 1.67238883967167, 2.82927626466491, 1.74061565730088, 
2.32644952466115, 2.81361021705699, 1.61676810772573, 2.34176269684753, 
2.027639847677, 1.08191128266624, 2.7733904548366, 1.3915600524585, 
1.99970935732459, 1.81651587557517, 2.09512890696918, 3.093990407376, 
1.93781189146758, 1.33648379901249, 2.79736105813557, 2.20662167761502, 
1.5483887763474, 1.52437104653499, 2.31407452704634, 2.66898657020036, 
1.90520496517728, 4.96699675561199, 3.29409409544356, 2.96447297573415, 
1.19154929662369, 1.61648082674033, 1.99895249643384, 2.23340999218678, 
2.75537354088838, 2.00108788911836, 2.80082176673502, 1.63181888413505, 
2.49340894527151, 2.92508910133462, 2.92331124288933, 1.66842574405917, 
4.35661179584697, 3.94794234445475, 1.86957966116503, 2.99151452028187, 
3.04794284063853, 3.23982080602903, 1.54468518937998, 2.10245892296215, 
2.50010513808332, 2.24723143327487, 2.27633703518159, 2.09899047318429, 
2.74545114182362, 2.09880256014428, 0.929089460852176, 1.65384949134996, 
2.50464801969759, 2.58095678461074, 2.95377844058915, 1.63494127265493, 
1.22363977251483, 3.03474644380606, 2.09366206481519, 1.42145349510732, 
2.17150859474494, 1.68860418961612, 2.94694654324014, 3.95355095634642, 
1.12902261805284, 2.95051115978563, 2.3083136002919, 0.825570936091258, 
1.72429762043536, 2.22569430487638, 1.66136991084035, 2.80177996570038, 
1.70569914386715, 4.1555013722013, 2.27169280702302, 1.72408748096066, 
4.6930010306866, 1.47818700822416, 3.56398506456502, 1.21692341089637, 
2.27703528512738, 1.80983970493704, 2.23456989862668, 3.51935696051619, 
2.53811626485685, 5.53837220856609, 2.77695742696849, 1.81656129276062, 
1.49893463141499, 1.11558800878685, 3.16109366319243, 1.48420810545243, 
1.7256824726829, 4.02927058643478, 0.954327650712998, 1.31491346679212, 
1.90691142150561, 2.69554997961239, 2.99803127503931, 4.07302634063265, 
2.73348899321988, 1.73064276435481, 1.38928384959636, 4.68258102931409, 
1.97938406684385, 2.37648990817338, 2.3053813018941, 2.33718314405826, 
2.88898074363713, 3.03915079060547, 3.45477558326533, 1.95123967901675, 
1.97189635037578, 2.54756173607262, 5.28710433711986, 1.68265041376084, 
2.12763367725089, 1.89290018958271, 3.38573314704066, 1.21442463257609, 
2.44494176064644, 2.74523736005815, 3.16179659839261, 2.05498305011198, 
1.18148766406663, 2.7326734630035, 3.49135151305691, 1.38412608318577, 
1.66604303656713, 3.31605175386077, 2.27105613906921, 1.41554972005342, 
1.40553892301187, 2.47173712453854, 2.29207467907626, 1.21294997830871, 
6.01579581726366, 0.823021970007039, 1.19480404539746, 1.88240448550195, 
1.31508652065522, 2.12173268695026, 2.06209393780073, 3.00576671716031, 
2.59044561550767, 1.44477547783441, 1.83609573221968, 2.99315261664051, 
2.53496378675417, 1.98083434972891, 2.06790479135562, 2.10224277448109, 
1.82731355720352, 1.92608638054677, 2.3174280389609, 1.25080220629106, 
2.29930322998802, 3.74732245739673, 2.68959220374428, 2.40228218766551, 
2.64645081519539, 2.7530810669731, 2.62076694627378, 1.4861831799525, 
1.07735701561567, 1.66145106599062, 3.3902148527025, 1.77564429990209, 
2.73362145948301, 3.30999385438055, 2.15667605680523, 1.83463105142235, 
1.88070712822547, 3.23351354856181, 1.8114165548884, 5.39230593736145, 
1.80612844746284, 3.00053430738547, 1.64869911094239, 3.66899457922601, 
2.86517413809919, 1.70476279732242, 2.04697287905182, 2.90501907538162, 
3.38461583436266, 1.66306734732796, 0.999252484368368, 2.64706765309608, 
2.60081133015929, 2.45372334757055, 3.41630605722081, 3.36071607039697, 
3.31397895854163, 1.40316211351901, 1.73188712163263, 3.56673482066201, 
2.26599713804199, 3.80666646082739, 1.4764107254045, 3.20033373705177, 
2.20906776653688, 2.34692478944238, 1.48982914856387, 2.39132089971498, 
1.57472128194207, 4.9334723154284, 1.53574328236187, 2.37274255774526, 
1.35087441344107, 3.53893472714462, 2.53316901456103, 1.88848232587442, 
1.89088182020673, 3.14564811950053, 1.40964220558865, 1.2101917935779, 
2.03940443653456, 1.70656916822621, 3.54464865225611, 1.98931054185627, 
6.05686473013139, 2.08765776360161, 3.45278964166209, 2.62497500893214, 
1.92558263466171, 3.15564851541124, 1.74908199693718, 2.72522369131226, 
3.72391792610536, 2.95750944991018, 3.01959654225565, 1.7183733536887, 
3.75529045824391, 2.25949191621906, 1.42115700649966, 2.16137455618447, 
2.62075177265307, 1.3289415047848, 4.61630742533806, 2.91128340851203, 
2.65826223552182, 1.8520924409407, 1.33147087988093, 1.94955243544816, 
1.20845965574459, 1.16786696654307, 1.81940916500752, 2.05131565085487, 
3.33569421686687, 2.8014130704575, 2.4646262413814, 2.7282508321097, 
1.57215119242805, 1.59494858772927, 1.92547508279851, 1.69473687708649, 
2.14613364512317, 3.38058605431763, 2.58627773523972, 2.95284737937251, 
1.6086220848015, 2.71263730931155, 4.04232109714431, 1.82327708388638, 
1.19317913152671, 5.08779970154403, 2.1585893434202, 1.44368179915726, 
4.52405269230881, 1.96778921422688, 1.10179839930043, 2.11895823889293, 
0.723382885795076, 2.94654076550555, 2.34876816090572, 2.41408681443451, 
2.40332849085903, 2.23986200542776, 1.22643076153495, 3.52282081206213, 
1.47258448934924, 2.08203791594963, 1.30834355865679, 3.74714564369028, 
3.21731693851107, 2.8474088712503, 1.8270642879721, 2.01923443307841, 
2.76152252588994, 2.11924695737955, 1.27532114772255, 1.07778335028264, 
4.03146146027928, 1.6499509595539, 2.48241717446298, 2.3271283385569, 
3.74877384640422, 2.76691692307018, 1.23635544908175, 2.62895829434833, 
3.10026927514633, 2.49694764475394, 1.72843812061287, 4.69378374752449, 
2.93254277315128, 1.20968810557835, 3.95094570580207, 1.36651892913281, 
1.84476318761941, 1.42428860802954, 2.36300936851732, 1.43231956282813, 
2.35329733732257, 2.06037222543808, 3.35780989161109, 2.27492134446313, 
2.95045818989002, 1.22179156275003, 1.23910771066741, 1.51661277898791, 
1.83770860617961, 1.42182833762004, 3.04360037329488, 4.54674776109283, 
2.31225253395007, 2.97086707896544, 2.35897957786853, 2.54715678041163, 
0.933106830418337, 5.21043765151363, 2.28051219032703, 2.07251514878046, 
4.26041603625062, 2.1124302482424, 2.73821040253837, 1.23462545163758, 
1.9157668791514, 1.61078586455852, 1.29666668071783, 2.38490845445654, 
4.09097953108258, 2.58451019008439, 2.03847349587765, 2.22716454738382, 
1.70402496676024, 2.33277057747833, 2.02669767998746, 6.9447194664083, 
3.38885831649851, 3.23329007935559, 3.88212687292372, 1.93381083764632, 
2.01015482429644, 1.61810466594609, 1.67332711629744, 2.57933333966886, 
1.60781066437466, 1.41801921249475, 0.561884701114274, 3.3133210922774, 
1.24280625331077, 1.57443948199181, 3.44295596592777, 2.236899972668, 
2.41761176603273, 4.90963978324544, 3.20705445407975, 2.45699962796555, 
1.79572863675502, 4.46882489306052, 3.3202157361638, 3.60713523810761, 
1.38125149256485, 4.84401225972237, 4.00036959851552, 1.7500995411852, 
1.41352181574923, 2.60580176985572, 2.37075908151985, 2.86058338234819, 
2.34427844733665, 1.81641602121114, 2.28357975407975, 1.44992369431935, 
3.52276920370452, 3.1688661303976, 1.53297619180435, 1.28063652994388, 
1.8453579179169, 1.82089958451992, 2.26659310075749, 1.984626585035, 
4.27861475238803, 2.64307630857628, 3.2979200158847, 2.70838271455045, 
4.76760576449728, 1.34874456951956, 1.69294792999549, 2.78261085654376, 
2.39588135555415, 1.28997391361447, 1.91127433383353, 3.9865483629572, 
1.92518657943175, 1.26957495268708, 2.02320120135999, 3.26584820611536, 
2.96971632932179, 1.79729262244653, 1.91228047377712, 1.65354939483612, 
2.0978895854333, 1.76742964547306, 1.35787427915354, 1.79410718665602, 
3.46690075675033, 4.26727620790269, 1.45133178342173, 2.93274975704754, 
1.88177246343901, 1.51841113469346, 2.86019980448055, 4.89675744426659, 
2.34014039863552, 1.02018175980111, 5.33724547049403, 1.96316354781965, 
1.2850955813652, 1.78956274436315, 3.64938516361943, 2.07478946400514, 
1.53441800950882, 1.06417621666476, 2.16723735890378, 1.13135273303911, 
1.39647038523143, 2.7983831113329, 1.48093375043297, 1.79240381517484, 
2.80765291386844, 1.61756748009086, 1.48523262989478, 1.33206304022242, 
1.79272325336185, 4.45538725958057, 1.23746793122679, 2.70569304881592, 
0.934564026677551, 1.91435651802931, 2.08733154042962, 0.775196169298553, 
1.11211728796105, 4.0846915998897, 2.09600832680694, 2.84914411779883, 
2.07673036347163, 1.12036394318527, 2.12928495539734, 1.6477175214351, 
0.967368984530911, 1.31674779352243, 2.19140143300369, 3.23261750873266, 
3.33565351438759, 4.28328231182604, 1.3667115446544, 2.32871355209617, 
1.30930659726698, 1.35804187324134, 1.52674009567398, 2.36711122979215, 
2.45833148198075, 2.41323633880403, 4.36056760144296, 2.14304899966499, 
1.31310065459567, 1.50183252020029, 3.45615321254078, 2.3028071030421, 
1.76824299693655, 1.55042813948827, 1.54469528709369, 1.78273903501807, 
1.83084485405638, 1.89744590715441, 1.60804888124075, 2.15940203127685, 
2.20885090709315, 1.50486512209942, 2.0251872974014, 0.696916371554878, 
2.19199376124087, 1.61469932244951, 2.73973760327239, 4.85927644399463, 
2.77420589567107, 1.1036148614913, 0.973575392356452, 3.43814514332357, 
5.99720046994153, 2.79266587328512, 1.03633811335299, 0.865997736330436, 
0.693194314540782, 1.81996767889082, 3.68591491083884, 2.95814311985224, 
2.47208384614041, 1.86951636479061, 4.25155212032475, 1.6536954330238, 
1.4446184296374, 1.44615685885615, 2.69016603711911, 1.60292799228277, 
1.05165209451508, 3.07502002779014, 1.47563370181637, 5.17719387041292, 
3.49721447801648, 1.16084960444773, 1.05464088489487, 2.74385657878606, 
3.51185573231125, 2.04580858131201, 2.57075134029749, 2.52663409272844, 
2.67240414829578, 2.59536633308901, 4.37962350115435, 1.71299727300624, 
2.58768761990803, 1.48169313603692, 1.97276178689378, 1.5749220563377, 
1.03778305598149, 2.717655446002, 0.860829674410737, 3.63222203067457, 
1.21276845545374, 2.32116720257472, 1.71519437216767, 2.54940216299812, 
5.28178540501664, 1.40548482126004, 2.71875274894439, 1.91194162125371, 
1.98663579824864, 4.69521437758734, 2.24252925325245, 1.43462581249431, 
1.76187568216977, 2.89309104720301, 3.77346018412186, 1.5889322713511, 
2.20064707624039, 2.21795994294726, 1.4867009638577, 1.74009404064008, 
3.96179975569741, 2.94645541668832, 1.92532709504414, 4.01021196200062, 
3.4315007666481, 3.43450039600002, 1.42775560711802, 1.25492058365925, 
1.93608784885775, 3.67716718084558, 1.48544220385955, 3.43104522251328, 
2.69202494015869, 2.52170918681586, 2.63403773417293, 1.62090453323872, 
2.22836946536516, 3.76518561684079, 2.57798231348837, 2.2066791544808, 
3.04085283542136, 1.31341266335011, 1.97111887148689, 2.85573943843094, 
3.59274520637804, 2.07283095818705, 2.69824265540665, 4.95700866969863, 
2.3085061592125, 1.86356037249463, 5.15174780862637, 2.99464638464502, 
1.87695259441997, 1.96544174107213, 1.27643390694206, 3.04849644065903, 
3.30251744070478, 3.19501421885944, 2.34007758875698, 2.57388579601958, 
2.92775616459714, 2.93471087336077, 3.36677599639766, 1.53907720922948, 
1.33760232700954, 2.37896400029821, 4.18822354580333, 1.97797040809013, 
1.33687741128568, 2.63039860835065, 3.25751599874516, 3.79314944078976, 
1.90893792040066, 1.73282618238248, 1.8898817370708, 2.67931822317341, 
2.69009469774256, 1.1773146399742, 4.22788235994856, 3.78194614044648, 
2.73654058360425, 2.83387317146072, 1.63440514731823, 2.01794584349706, 
3.03138908572637, 1.33647248237353, 1.26095750480016, 2.73963173109302, 
3.15952083196048, 1.87375668370313, 2.13644164068089, 1.66862596539659, 
1.87235203148572, 1.90767570624908, 2.59879738733748, 1.63799048791767, 
5.72829423688743, 1.41373884712593, 0.694106055376043, 4.6980297397832, 
2.98536308946932, 1.8427632626733, 3.80285028337336, 2.45528890310325, 
2.25293942263982, 2.97523865778767, 2.27655736716938, 2.09599258105515, 
3.29870872118475, 3.43223022126256, 2.71863230857417, 2.4485958927911, 
3.02920921130912, 2.17225660493075, 1.58340404607569, 1.95267813076534, 
1.78300593458895, 1.49376648864376, 1.83777789540595, 2.02150489378388, 
1.50991342838111, 1.90152218878257, 4.13395339552379, 1.3813876429466, 
2.46443761751863, 2.00897388408638, 3.69389349787732, 2.46216095982988, 
2.35349212929376, 1.42453942756975, 1.29193862591278, 2.8682340287667, 
1.45272633128965, 1.56885449106125, 4.19976142981514, 2.10367259551944, 
3.02837214112828, 4.03535409969921, 3.8054883792935, 2.42359859018259, 
1.64872209865518, 7.60447160373391, 3.20847924741264, 6.41899819779286, 
1.06986289710491, 3.86921977550976, 2.46336787344818, 3.75765052638557, 
1.85596763208456, 1.23746425519081, 2.95577953549044, 1.85143113365017, 
3.20189289534391, 2.01789130304947, 1.99150983639941, 1.9765066682174, 
2.92613287717469, 3.09338954540645, 1.66279483366487, 2.48981226606224, 
1.79530854069646, 2.47709340286802, 1.38999218801006, 3.40708283278861, 
2.13216873378668, 4.18862795374406, 5.15328612353788, 2.45428758237943, 
1.78517222514231, 1.63850778887074, 2.03862872722085, 4.0114861526855, 
3.779584558202, 3.13194507908812, 2.14371326850499, 2.12228505552532, 
1.7169347410923, 1.83513074056839, 2.74020214389892, 2.5700279218808, 
1.90797361805409, 2.77334689408068, 1.11171265533962, 0.777087290345239, 
2.90512616511168, 2.86669447153597, 2.55039303934792, 1.47359507688512, 
2.00558896448676, 1.68880429254525, 6.20960713416607, 1.07372105858792, 
1.54147137400742, 2.82585078615503, 1.7581531277724, 1.56406021231511, 
1.25228558099499, 2.2684642904325, 1.38838933886914, 2.18344058150605, 
3.82908120976472, 1.70370914368257, 2.76180911903412, 2.06749386700626, 
2.96025017061259, 2.38375551156536, 2.78325123637968, 1.24738758988129, 
1.51149674813919, 1.37874788190116, 1.62794213983307, 1.79889302743952, 
2.46896087966011, 1.86932590555659, 4.6774846909284, 2.9837716059399, 
1.33470835075563, 2.29327716799124, 3.0763179012772, 1.75592104645948, 
2.40693100936277, 2.28794807250643, 1.4412775107919, 5.09971420711061, 
3.07543139684336, 1.6125243997587, 1.79337168607522, 1.62721416343377, 
3.32923645929787, 2.87886039411178, 3.83894914369727, 2.62493632788354, 
2.07380050281342, 3.72919980083353, 1.58555018466836, 3.24530814068599, 
3.43378829629218, 2.21555875721605, 2.25185787593219, 2.44127773196648, 
3.28154367268211, 3.50200033081658, 1.37393761012147, 1.15285486207981, 
1.87105741778966, 4.24084433826004, 1.89809214073679, 3.52209379452719, 
0.990152246903297, 0.933681173907017, 2.86987027810655, 2.23062779404868, 
1.96301548639703, 1.71655388986552, 1.39813830644099, 1.49217684016301, 
1.45353937721889, 3.94554973496276, 1.47295587121161, 1.3641863237976, 
1.71394812697465, 1.02092318806605, 3.99707092831421, 1.55590630954839, 
1.97783279908452, 3.3128526953799, 2.16760345743422, 3.10409517074613, 
2.88053400586472, 2.19788831124073, 1.97131693104783, 2.16742667043937, 
1.8182424694514, 1.37486253168695, 2.3882231074561, 3.5023290701431, 
2.34865078782623, 3.71956215360166, 1.57581269205919, 1.32981969468204, 
2.62136813134572, 2.62540598711902, 2.57562913552909, 1.20876937657196, 
1.73244099656785, 4.22513191039408, 2.73746111408624, 1.53504717371278, 
2.33197981976108, 2.13728718996313, 7.46053551972546, 3.45652581558892, 
1.29512044839007, 1.65491242778465, 2.0957310979206, 1.04896360393132, 
1.15980091751516, 2.57821572025101, 2.41243906255591, 2.50024785620823, 
1.6710176364097, 1.96778394896928, 1.54530276030145, 3.24850863024979, 
2.02591233543349, 1.29462504017971, 2.63836619597374, 1.56913148524151, 
1.84831187268097, 1.35213477196385, 2.00464122920108, 1.48244502657043, 
3.61678979274277, 1.84433217547781, 2.57310909059904, 3.29566688311212, 
2.72743961841598, 2.14270128771584, 3.33191936267585, 4.38469566534427, 
2.05351205880692, 2.41394547885187, 2.68094854701276, 2.50619815488035, 
2.05877134705474, 2.13694397844465, 3.75501978057549, 3.68824581867787, 
3.64603511664177, 3.10258641009053, 1.57648716777135, 3.03727301939293, 
2.47007877697806, 4.10900235198117, 2.67615473991371, 2.43857403621404, 
2.31506886905436, 2.52776146790657, 1.04738473181393, 1.41497313026843, 
3.93628568172627, 1.67865698876452, 1.31428342065233, 1.32696191349719, 
1.38284415210093, 2.46782415670425, 2.33540759703591, 3.65831324875436, 
1.63126072852797, 1.80915767301238, 3.1756509265684, 1.73342095879632, 
4.7050001054368, 2.78329098407513, 2.12938035221582, 1.78200816640898, 
3.67284058673371, 1.43259507676196, 3.17375452978925, 2.3366856887308, 
2.08312592640842, 2.52126940440395, 1.83018686963105, 1.05274805495312, 
4.07454660774979, 3.37036876554169, 1.63239703543964, 1.61086724000748, 
2.01902499401074, 2.61079203049612, 1.16531010344988, 1.39083851669991, 
3.29792005358405, 1.47355233300956, 2.18079810469272, 2.04526911715674, 
3.94043397835813, 0.99848845107194, 1.64036487777489, 3.54956592510691, 
2.35474584874431, 1.56463635066344, 4.47213080777821, 1.55352447394656, 
2.37849434872264, 3.38797832170081, 2.82245033473771, 1.95671924851305, 
2.42217494270841, 1.62965479289608, 3.32991699699572, 2.72186617134351, 
1.94085473093433, 4.09096375968542, 2.20456264081534, 2.30284121295543, 
2.25358754901386, 0.612688964123533, 1.23641194615071, 1.61777458207041, 
2.08689418766437, 2.02043236303464, 2.11037175248495, 1.15385438479005, 
2.29697684400498, 1.68962061229891, 0.784052130415052, 2.12767792199173, 
1.13234779055175, 2.44021774682432, 2.08385226623511, 2.08274344601033, 
3.25995837108901, 3.70624619975325, 2.31997989843547, 1.72148480645555, 
2.70595873988971, 1.93325324874259, 1.62926818427953, 3.66226472448295, 
1.75173504569067, 1.4246790680729, 2.47789944634595, 2.26905318301278, 
4.90566072690363, 2.04853766656442, 1.28942461170103, 2.31024504978938, 
2.1921704260482, 2.50216688541409, 1.00662602060744, 1.84450271348083, 
3.0415528282754, 2.4412761533795, 2.01684222138059, 3.6361659400457, 
2.00808819544265, 3.31274854277293, 4.23474394008176, 3.16027783586854, 
2.7364789776709, 2.61151540164301, 3.04878315200794, 2.7986205199853, 
3.0547846838971, 1.47183951002306, 2.08216262001028, 2.99795117759183, 
2.46463166023566, 2.31481063083826, 1.40552614083354, 1.73294111916, 
4.78208308334564, 1.1270615608759, 1.65640454974519, 1.4820158247831, 
5.29013188030749, 1.19104863650046, 1.57835099854421, 1.88305429821374, 
2.2485600977423, 2.58654375928045, 2.01454337921948, 2.23270745414757, 
2.04517270289381, 2.45574169210647, 3.24238202292504, 1.31744045527852, 
2.10849022819596, 3.35155328442678, 2.45387788044518, 6.17023378398873, 
1.53847290469936, 1.71999375833689, 0.764662327288945, 0.96778112000551, 
2.46931554087143, 4.09926575368377, 2.22249149653421, 2.32886234654593, 
2.06533598684824, 4.07771987341771, 1.64629164764471, 1.89908577713242, 
1.14736956674091, 3.11564929217493, 1.90414257627401, 1.77697104314173, 
3.15247662581806, 0.778473184368713, 2.17384804128072, 2.46453913877509, 
1.82625613825138, 2.17362519402737, 1.49585304909441, 1.43358969833951, 
4.06457850329105, 0.718577198425742, 1.59331141925664, 2.30263830526513, 
1.87998655707184, 2.13751344200944, 3.24982550438101, 2.52886247341423, 
1.68194448487232, 2.44611813478033, 1.5106916140116, 0.641312270267781, 
0.824317956255848, 1.53060632101893, 3.50502492860979, 2.11898081859456, 
1.88975896836944, 4.77968143180467, 2.51106451424381, 1.39797564247697, 
1.23684797739798, 2.39028448152885, 3.21684988250851, 2.04491197831639, 
1.88770502785338, 2.55202174942253, 3.8671835969511, 2.21449515486948, 
2.57658394293212, 1.63764285272412, 2.53650831934905, 2.6209891608683, 
1.61137483703822, 3.42678871219449, 4.25871500611693, 1.06099692634457, 
2.23813711195525, 2.27794611937702, 1.98840282706619, 2.17818751662251, 
2.78266891549249, 1.67436472048369, 2.52147859872477, 2.28195285422987, 
2.91723931864255, 1.43356052679436, 2.56158371635581, 1.178690356765, 
2.60411991122297, 2.83038360020433, 1.79338539230268, 2.41028728829456, 
4.11803936571729, 3.59072089260473, 2.88648967122553, 1.68580913499606, 
1.07470737863206, 2.61301213706068, 3.16926418375995, 1.89579305618321, 
2.63080044626713, 1.7037871948807, 2.19323425944802, 4.21474056566921, 
1.66360735062913, 2.86963161932855, 1.3209207294488, 3.63887937301503, 
1.49535964995202, 1.89255816759424, 2.17070346472314, 2.68587797351794, 
2.5061155207972, 3.55998364631591, 3.74216637535213, 1.73380727078877, 
2.42659026347852, 1.75424502231077, 2.19609073471407, 2.0246162780894, 
1.3766349078714, 1.38085934164497, 2.48589539153792, 2.03885920123229, 
2.89406752139068, 2.50003392643823, 1.22433817013245, 3.93737102439854, 
3.5990451519068, 2.11869473586629, 1.43674995783704, 1.01116460966721, 
1.86819774322468, 2.09835648362648, 1.27665363346709, 1.48909619012975, 
1.6341445488012, 1.20793701282294, 1.81788665813871, 1.91448804486652, 
2.25572428980854, 2.08454701155672, 1.96675293969305, 1.04992736655656, 
2.16272792304722, 4.37535494394138, 1.32956691361988, 3.86790309644864, 
3.11156303357933, 2.01730882724644, 4.21417022145722, 1.93703808337269, 
1.50054488088895, 3.01222470351938, 1.47214443103017, 2.57883427016396, 
4.54376822968598, 2.6040772695761, 1.32910284435878, 2.17980193375238, 
1.94997006911993, 2.34669172961813, 1.555895020039, 3.92495295863188, 
3.71358857111855, 0.675159105453285, 1.77379009820471, 3.85453046982793, 
1.8492391303005, 1.27202905007165, 2.07835795343546, 2.13945122765709, 
3.85252599689415, 1.26379828164596, 1.28416065564403, 1.96027293111367, 
1.40871233867405, 2.90080084083919, 3.59787477314787, 1.288015142683, 
1.04406450123591, 1.87612771606294, 2.6556111443266, 2.26209541878633, 
2.20981250092063, 1.53187500148644, 2.04131854754011, 4.57385440279526, 
3.71862363702599, 1.68151341458175, 3.17543590700185, 1.76497498982579, 
1.52841603756022, 2.26807647671881, 1.14933895894697, 2.88408815286142, 
2.89364819185819, 1.10771794233409, 1.17421944037415, 2.17629738566412, 
1.49522353687625, 1.35630736484052, 1.65994918104179, 1.68561531086661, 
2.34626206768051, 2.38793702104406, 1.86016069371746, 2.49655451035754, 
1.52584749409073, 1.92018244948178, 2.88313355368161, 2.2085927424508, 
2.01082218109333, 1.32665351851825, 1.90318813826881, 4.2888105347966, 
2.36534490889359, 2.42265049467128, 0.907096773466323, 1.90394989880596, 
1.18141464855584, 3.19137710999592, 2.14970105877106, 2.02715061001629, 
1.64778244084109, 1.70817338449065, 1.69249656793416, 1.79988857519517, 
4.83647789923055, 1.3238213636801, 2.43673230141564, 0.856039438507751, 
1.3116966041611, 1.32105313442924, 2.03987874730099, 3.60963232437661, 
1.66545245673904, 1.50100719738883, 2.043413072247, 1.20295285721034, 
2.11636796692346, 1.88721584714471, 1.82622236214952, 3.02510962027723, 
2.25745919231561, 4.61977117897881, 2.71348053357852, 1.36227902471797, 
2.2407300594602, 4.54965145290835, 0.888257943080998, 2.34652972510572, 
1.77941205127999, 0.624284621127419, 1.16105311797908, 1.56620568510063, 
3.28218239167214, 4.19936048163052, 1.99712866686546, 1.55827865503641, 
2.01541224239952, 1.72174565341906, 1.28073910086559, 2.03843050408564, 
3.23289599850188, 2.00766576893627, 2.42459317004643, 2.73378006161531, 
2.32978121798019, 1.92324668101903, 2.07273307532822, 3.64901505236851, 
1.71062920837419, 2.48114518039766, 3.5793417366718, 1.22067077851439, 
2.26188428137502, 4.31039567573345, 1.85454481290014, 1.2688470013405, 
1.90758680769811, 3.67341107370705, 1.94403371281091, 2.20281272093904, 
2.31700971666173, 2.81751948773585, 1.9718752676329, 1.85068615278813, 
1.45296073376971, 1.56650196990082, 2.34144890506083, 1.60932446564539, 
2.2759999397196, 4.4335239112537, 1.26246539043935, 0.973748629420646, 
2.18371654219647, 3.62480714533274, 0.959118208637775, 1.75881535035263, 
1.84935035841219, 2.38253723989071, 3.77451963779568, 2.34139786368145, 
2.50129058680515, 1.77744511845429, 2.77464534321811, 2.43572516746468, 
2.13959879465143, 1.04127996740741, 1.94870196597734, 1.94372729861417, 
1.86782553979477, 3.42754476859935, 4.70278517460495, 2.04117937042984, 
2.25259203836285, 1.27830994063698, 0.97963857350004, 1.40056353049134, 
2.43021385362069, 2.74259115708197, 2.93287494063932, 1.18129261117932, 
3.04786836989237, 2.19051218685976, 1.49002806678914, 2.6157261948496, 
2.40630478645148, 1.45967944854074, 3.43668988866098, 1.72571425008968, 
2.56670716834341, 1.17889690592241, 2.1195072002818, 3.56558635043376, 
2.21282220343514, 3.19638273169656, 3.33817271234018, 5.09068205179455, 
4.38240117210678, 2.68486262249922, 1.18030374051007, 4.87507226130125, 
1.57325172711186, 2.97210574776768, 2.84780345379884, 3.16395094858506, 
3.59821602846726, 1.62001235793749, 2.17510271524352, 2.22374457603297, 
1.74160213695039, 2.06825624213382, 2.08909010787641, 0.930905480667751, 
3.65082363492424, 2.90732207418743, 1.50243742484843, 1.96093340683447, 
1.63391375125973, 2.85001232134428, 2.03699427915159, 2.46493907600058, 
1.24501168964441, 2.12428778409251, 1.84918028486602, 2.33209777559288, 
2.28176935026137, 6.40048615163238, 2.07895904703812, 1.54705060860015, 
3.40838497959274, 4.19210478892127, 1.93463012247206, 1.53130039204728, 
4.29111041268178, 1.91329579399897, 2.20340782050789, 1.31047184081466, 
3.12521922522965, 1.49056495766691, 2.0744700068622, 1.45529185537641, 
2.46445754859571, 0.908871710279083, 4.33652505635671, 2.13545217958883, 
1.30004444639747, 2.84773037991682, 2.03584232830864, 5.53763460884743, 
1.22591329387239, 1.67116545495578, 3.85379269636426, 1.78703604576339, 
1.40829954243311, 3.55545724652447, 1.27638928626026, 2.08838147378137, 
3.163079444976, 2.00609417842057, 2.09203978527271, 3.19944646041289, 
1.64801063141778, 6.44287713910669, 3.86032137453796, 0.981668753810702, 
2.43433203470031, 2.37759498784134, 1.45737249495821, 2.71875429088433, 
0.983424534626088, 2.81665906736093, 1.01392221897796, 3.55722298090915, 
1.22873927608281, 1.82177079477236, 1.85886998732251, 3.23601163597168, 
1.35301459652655, 1.97460619194187, 2.27910969446184, 2.9563218010946, 
2.09862681263842, 2.41483925759626, 2.26308184697086, 5.16058354732533, 
2.00775530701849, 1.12049963823825, 2.22036695598659, 1.66853179006072, 
2.16301528364607, 4.80776425280956, 2.35281517691806, 1.40287149160444, 
2.02538328728184, 2.73034489412576, 4.09836413065711, 2.81549554354324, 
1.67554360031535, 2.30107093828833, 2.71984697651609, 1.25284593825027, 
2.95113552365455, 1.2946146484475, 2.02608573552666, 4.9642006318998, 
2.54200750949743, 3.5918167952489, 1.54973599612732, 2.77323277911833, 
1.495658692282, 2.38270230465334, 1.75798470182016, 3.67974089193195, 
3.15103135751764, 2.67248048637915, 1.17851832014892, 4.91771929811317, 
2.73617482810073, 2.57529938643716, 2.53615718946002, 4.04635684302811, 
1.50623541427947, 2.57643350899917, 3.95345872890773, 2.60549302535643, 
2.36828114859536, 1.55501837542603, 1.51469302816828, 3.37832618969082, 
2.50078746336663, 1.54841414748604, 1.43665160224715, 1.40799311749904, 
2.16915029600602, 2.08575083174043, 3.16939781802991, 1.89682989637885, 
1.59509523459591, 4.59795692760352, 1.54013994036513, 1.63974918988048, 
2.53869245632896, 1.66632844939132, 3.21966629571561, 4.00859027371573, 
1.62671446617015, 2.06264103340143, 2.6553239971149, 2.0006913092332, 
2.42255795760809, 2.46970020835923, 3.76623789772977, 3.48609898173436, 
2.59580330064134, 2.01372678978141, 1.5596240186515, 2.53706127374536, 
3.08993869057835, 2.26168656307957, 2.65608093559392, 3.55012995715341, 
1.54335106709505, 3.67517467500359, 1.18185718377946, 1.11094297494852, 
1.50157264508523, 0.901423625573268, 1.96017444706643, 3.43664825857829, 
2.59581847117571, 3.10417581455118, 2.21760011722788, 2.34407031292321, 
1.92010666564636, 2.79937582541297, 3.32512861266124, 4.56080428975433, 
3.83310634828039, 2.5061434602039, 1.72804335559841, 2.43619054705326, 
1.5981839967054, 3.13469131860558, 2.18244839074975, 2.70628075665172, 
1.96388698692053, 7.62405273402602, 1.13639208949981, 1.75113324458937, 
1.17604352096921, 1.59584379618366, 1.43667540103671, 1.10823493951393, 
1.67425093607084, 1.51621786812361, 1.24365693666966, 0.918819397505372, 
2.64138508603726, 3.5798865203454, 2.17664027633654, 2.00948080629134, 
4.05388625421695, 2.0886970744594, 1.83943358935469, 1.59370538265644, 
4.65869095249848, 4.11350768089211, 2.62468815123397, 1.41066284972163, 
2.25868290286494, 1.99331090072398, 2.73860948934518, 4.6382874916139, 
4.02300472832411, 3.17904984070287, 3.81736239960185, 1.76096851740249, 
1.02400529163539, 2.08498291231246, 2.89472110314602, 1.524858078159, 
2.15825558760827, 1.02304311162432, 3.0372489738943, 1.37077246572783, 
3.09128355535267, 1.94266789439901, 1.88279627004123, 2.82774698557712, 
2.65539261011385, 1.32081177517196, 2.86718109784412, 3.47623820208006, 
4.6366349546499, 3.04145101514672, 0.863553768088009, 1.84603125335961, 
2.09238331892411, 0.750489181228765, 2.9868051695833, 1.46962596832241, 
2.84445697792363, 2.68603514453174, 2.7125179775013, 1.81595851663078, 
1.78334535701025, 6.25583505176758, 2.87092657210739, 0.959648039334808, 
2.48948905922779, 2.31017444272876, 1.71552484941948, 4.10345865860499, 
3.94082331705397, 2.43784071360571, 2.49686997034664, 2.48856211572393, 
1.6911842267792, 1.49544009123694, 2.74714597458561, 4.38166597774517, 
3.32591369570933, 2.05923884610765, 2.6517781273458, 3.845135804152, 
2.49200144059, 4.31806587036892, 1.78962859129143, 2.21477297771805, 
1.36383863923491, 2.56356282472062, 3.35108362310474, 2.25877749055221, 
2.02216949598326, 1.4597954994875, 3.61210626946348, 2.11190865517038, 
1.95506752749203, 1.62333019923168, 2.39895552491477, 1.63355903445374, 
2.88730045198143, 1.8222036595899, 1.39429413125611, 2.40178592771191, 
1.0406777517543, 2.51500782219017, 2.45547320156297, 3.30135134751639, 
3.65643570151256, 1.75270126508833, 1.13754213702202, 1.72105995298837, 
2.41224279175946, 4.43805375404595, 1.55222420008646, 2.23608972612727, 
1.04778998150969, 4.52304532838001, 2.16358079827969, 2.08492320806204, 
2.21376572926765, 1.97066394474922, 2.10409540512581, 2.42309274570845, 
1.21133796315517, 1.60448751833861, 1.60440027034131, 2.79079696333474, 
2.7894719417898, 2.00002583983795, 1.17526117363777, 1.99372172757438, 
2.9953613442457, 1.87136662024028, 1.02697221423291, 1.64144599629795, 
1.52282965552352, 2.46232507250655, 2.25574811346657, 1.38223688380712, 
2.20074963289592, 3.03960381720712, 0.896537423185904, 2.20154381571312, 
0.944357217029576, 2.37587549690404, 3.28695490251344, 2.52953264410065, 
2.29249946730269, 2.98364378266945, 2.94206346779837, 2.23557970584803, 
3.56712428618196, 1.05223227541977, 1.89683295059681, 2.90591894271393, 
3.94895780201193, 1.06420414372914, 5.32427639997559, 1.85135106313158, 
2.25381037281691, 1.78375380818862, 2.47863926729252, 3.66032173219581, 
2.36644529719414, 5.32224639117219, 2.05781479277032, 4.0510742593695, 
1.41517073986378, 3.56761867201711, 4.28794770070055, 2.41239898400586, 
2.32978949006645, 2.25786920869261, 1.80157963446055, 2.61036935048473, 
2.99844845806044, 1.40158881113087, 3.08876579535666, 2.20324078723913, 
2.17369127126129, 2.63741177280101, 3.10098600170109, 2.96726895171581, 
3.08469898674851, 2.11540718871915, 2.4532790518346, 3.71600636397794, 
4.42431882156906, 3.25400821727292, 3.04965455397509, 4.12636349445898, 
2.12886041072648, 4.58106731522256, 1.70474742866112, 2.71342103400898, 
0.787910469207018, 3.54317907025849, 2.34474722404184, 2.111330397595, 
1.97167782984551, 1.7262259532122, 2.86083127509238, 1.41625332230405, 
4.11977165543365, 2.5457955862414, 2.26217885637336, 2.28966437498706, 
3.11531316138536, 5.12981692407287, 2.16946120544353, 1.41631219118741, 
1.96580947067718, 1.60336330940704, 1.8137463039913, 2.45841841581802, 
0.936071474605406, 2.53366576877636, 0.957328650449661, 2.35743914908094, 
1.83505408988588, 1.60057136783732, 3.20410276093079, 2.79648268446678, 
3.23002171520329, 2.38302841721949, 4.58908643900257, 3.51154040420162, 
1.90658633775594, 1.72371894864141, 2.37167553053938, 1.80041555102282, 
1.94094853991337, 2.16299462088252, 2.73942413944784, 2.18007113525449, 
2.8707662670418, 2.02262822266724, 3.109576784138, 2.32341328547147, 
2.21164121669287, 2.10205376842047, 1.48012965852507, 3.40954715568748, 
4.06839037873304, 1.29606376191986, 2.09678265604309, 1.17877626840527, 
2.51045697674592, 2.68147919636238, 2.22639378429249, 2.00378731446482, 
1.91849985980268, 1.79436373636964, 0.727375452521883, 1.5235404855137, 
3.56396238602034, 2.9480054866376, 3.25851711961114, 3.14543876041241, 
2.55873572272388, 2.40703387015944, 1.5052385486105, 2.98916223142093, 
2.24668620093552, 1.32485163120518, 0.850380782455614, 2.85309010523748, 
2.84519973951217, 2.20639423828518, 4.40637212153025, 2.27526090662654, 
1.80884019739454, 2.65923888797567, 1.62520611972471, 2.17320681447131, 
2.1187521730127, 1.79126411528929, 2.97567038737211, 2.3164940139359, 
2.08378690023711, 1.90929563342293, 1.81275012640622, 2.23571991136705, 
2.62678000847919, 2.24788507707866, 6.35199420805855, 1.73550938672766, 
2.30773380559363, 1.98663265755033, 2.3039516644037, 1.31200788610368, 
1.62856365977342, 1.70516967809254, 2.30493620500668, 2.83180053787325, 
1.93259498330354, 1.21962929639335, 1.29370221948792, 2.8335655585173, 
1.98395609547973, 0.92665131117476, 1.55670766944539, 3.11136808059689, 
1.90652923741914, 4.30338989632096, 1.91010135132469, 2.90268986533189, 
3.58925758405344, 2.02128411811645, 2.0574758023062, 1.29488368808728, 
2.86359619505983, 2.28598030514576, 2.97233602233875, 3.07041687476368, 
2.21815656195579, 5.84205563245113, 2.80386771853573, 1.70413618345314, 
1.6012540849758, 2.43802671698626, 0.932649583651502, 1.15507366763592, 
1.93878629135252, 2.33658112337167, 2.06815401083727, 2.89026685952576, 
3.38433539308237, 2.20922363206382, 3.30932672626922, 2.28368551314854, 
3.01088051551282, 1.49702533329179, 1.81378302712639, 3.55977801166822, 
1.59407072498758, 2.06992234468433, 0.991937414526616, 0.93397230143456, 
3.02762773853897, 3.16640893704534, 1.16814217412842, 1.44188264294774, 
1.47458650812484, 3.52458380704445, 2.40439132703379, 1.10661336489047, 
1.84703035235473, 2.57459932492566, 2.55423466542283, 2.22134435683507, 
5.60685798515252, 1.51543685689893, 1.57941685368032, 1.46408672918826, 
4.85745548989279, 1.50544994656263, 2.43798037706484, 2.65497246904846, 
2.86161880564743, 1.57786821844354, 1.69471985505545, 2.10459761009407, 
1.98217974692407, 3.56252069724465, 1.15105406238013, 1.64898762404468, 
1.78279154045866, 3.71608135968547, 3.51637541144432, 1.33174330690595, 
1.84343002402309, 3.11504310862531, 2.11331111104605, 2.01111565441577, 
2.6727280155486, 1.5496708355234, 2.47333461467238, 1.88994000273378, 
1.95168664972392, 1.46160165432682, 2.80395548631875, 1.82118531715806, 
2.31729416197876, 2.91181024169788, 3.52685952199453, 3.05265522123145, 
6.35147482605332, 2.66359804687982, 1.28896475650871, 2.05680289051856, 
2.36156425532184, 3.84090654736041, 1.15005257899693, 1.86328375197672, 
3.58061189009569, 1.63948182708282, 1.99312166851163, 3.01799915754074, 
0.94979283975482, 1.40417365898564, 2.0633192227259, 1.31404986372574, 
1.47932766075998, 3.02436058539652, 3.36362478797579, 1.19652536821364, 
1.45738800560042, 1.25296145419512, 1.96789476140866, 2.95460831593365, 
1.20789387422484, 2.07992247265908, 1.89574617974687, 3.04501989140289, 
2.24128345200985, 2.81781101545652, 2.09609344076417, 1.97356588943959, 
1.62242351460468, 2.63944859955386, 2.30947727699722, 2.50921376476076, 
2.59964995807123, 1.17018912077383, 1.93728643898909, 1.28762702050773, 
1.84616607980755, 4.30515733313732, 2.93558122581102, 2.10347143019365, 
2.15641274637938, 3.00017948399853, 3.34735529954925, 2.48581233498726, 
2.07680830034167, 1.73778277013485, 1.91819027922748, 3.08628133143858, 
0.984590655547451, 3.12282574262291, 3.46072416271924, 2.33464257395978, 
2.39269834400082, 2.28253899879676, 4.48542904232809, 2.14813461136787, 
1.52437724112474, 1.85416295891986, 2.24463289662348, 2.44373388590723, 
1.76801404532197, 2.99595583282221, 4.24407973667459, 1.82502921202911, 
5.51031727442823, 1.99008067317405, 3.64964338696636, 1.53345936008512, 
1.13518398424115, 2.04773424169921, 2.21272380164218, 2.85503235059442, 
3.4551791367875, 1.73132484558776, 1.65398669438617, 2.23267011163056, 
2.27943044353118, 2.31736693356546, 3.12657178549976, 2.582034398897, 
2.41239036328387, 3.50548101025799, 1.42464455357148, 1.27593533195009, 
1.16645816674633, 1.97115693604523, 1.90747269375538, 3.28307179325737, 
2.2956388325818, 1.88867077121167, 1.48540834137207, 2.0774644011189, 
2.31394043010578, 2.54073326418821, 1.84171416091766, 1.57956479146447, 
1.57226799093022, 4.85369842808301, 2.58484456468881, 2.21250617797551, 
3.60744774266237, 1.20913722640908, 3.12290264989713, 2.92017056023536, 
2.03649317162269, 4.33580661259865, 3.28580617327991, 4.1755814012688, 
2.18918504954228, 2.36473853463267, 2.95125115525789, 2.16378930568034, 
1.75117326892562, 1.57617046146841, 1.21368098852324, 1.49728226212045, 
2.48785124421316, 2.45306455620075, 2.46357501829595, 2.81866621823208, 
1.90512790109941, 2.41645000969441, 2.83774705351688, 2.53055117116551, 
3.1723438753656, 2.18589713481875, 4.03876758996962, 2.10207019163931, 
2.634333722365, 1.09471759045647, 1.47517653164808, 3.46632160000097, 
2.57074649211558, 2.7514908391853, 3.34315765188574, 2.25167096260937, 
1.86272103853431, 1.79452765156932, 5.14286774715355, 1.82185675216268, 
2.07185208605463, 1.84701178752574, 1.7785067801057, 4.77908597159678, 
1.74622133713132, 1.91193076608645, 1.46062495860978, 1.1991856337616, 
4.13205648191621, 2.88896450461796, 2.35133992366865, 6.6875491408412, 
1.72081296780889, 1.94476751588451, 2.04228664072436, 2.4668262896931, 
3.71366812439169, 0.995456294711529, 1.91206312601021, 3.37058237349834, 
2.8169422626996, 3.32013002362922, 3.13051929414092, 2.4041202924859, 
3.48150711699631, 3.68712268173374, 1.54423972705649, 4.08211114620557, 
2.00246951230254, 1.64217705627791, 1.53052867826161, 1.21502536533821, 
3.35109623279683, 5.22882466755637, 2.35676071638684, 0.999097004439091, 
2.38391642460647, 1.22062716637467, 3.84589676855316, 1.871099189102, 
3.35903304224428, 3.5061537505838, 6.13953764964605, 1.66754540897153, 
2.42422285464765, 2.99183651762657, 2.65560436100824, 0.902139318739827, 
1.94582066559708, 1.63399317787667, 2.45369199957138, 2.08796763176102, 
1.51276507032488, 1.89129366375687, 1.13628616131988, 2.81183973848155, 
1.26668017460862, 3.53834946155874, 1.07786438409309, 2.28818078647274, 
2.52044161072207, 0.744366697737947, 4.01183528878328, 1.62294445653352, 
2.02929479047806, 1.58386341630733, 2.34417971265932, 1.42775904878138, 
2.96396885305553, 2.36468094411004, 3.26306130608946, 2.35177399147952, 
2.50549273632137, 2.05350761263341, 1.62048718762793, 1.7031042495312, 
1.8106289579789, 1.95177551514647, 4.04228908961839, 1.34313870511811, 
2.97144949743397, 1.16885003078758, 1.97381818768982, 1.73886125825122, 
5.2050287471494, 1.63752862082039, 3.97860044241208, 1.94186927405604, 
2.01442878060674, 3.15968720543678, 2.08782231385906, 2.09728026077084, 
1.71653934115175, 1.43373113965875, 1.35348074900622, 2.4867073122299, 
5.71392836665304, 1.75947560763596, 2.18285243689064, 1.83405723441403, 
3.29587626165125, 1.45858228928128, 2.00519921124526, 1.78722558913069, 
0.889573461399072, 1.38328637696924, 2.41869912716012, 2.3933375859713, 
2.49328884345922, 2.05327819920149, 2.78846216668728, 2.6049325841863, 
2.19008549582781, 1.94205144710176, 1.90939762921218, 1.3748930699981, 
1.42758115504316, 4.64413078747691, 3.29739326413414, 1.10978553375363, 
3.53144923617773, 2.73939968780972, 4.49403311392222, 3.4799466495582, 
2.65689502142511, 1.92830205099653, 2.70963904682495, 4.76072720331585, 
1.24953041877269, 2.16351298732587, 1.58618049315457, 2.88469832120283, 
1.02008123670524, 1.94085063531656, 3.71100399282366, 1.33685243938462, 
2.04433192561724, 1.96573696827048, 5.23271457637652, 1.97731230330789, 
1.93736009188742, 2.0711073004865, 2.59767380746403, 3.25255148032811, 
2.16777181320687, 1.50355826884225, 2.09412131047035, 2.02634833019783, 
4.49503015711746, 1.97297375303393, 1.36306908907525, 1.43044620407045, 
2.31150662719965, 2.87884571109915, 1.96474897768846, 2.36265192336444, 
1.95451615430671, 2.79565496808545, 0.702712594466047, 2.20126498976086, 
2.81113175253251, 1.53117315099502, 2.06675252263343, 1.99049767158327, 
1.75136905978562, 1.8027082051328, 1.30297821337189, 3.72412426652565, 
4.42521655511491, 3.05459059261928, 2.17285402054207, 1.10140831915768, 
1.78175969695987, 1.96826746941008, 1.48079586535717, 2.10252419186208, 
1.34181976972949, 2.69758741351987, 1.94701146408177, 1.92930504481867, 
2.64329434838758, 2.00608332663727, 2.04443672579935, 2.71905450671801, 
1.11931729966385, 3.18242470674285, 2.42042862535976, 1.61763213096293, 
5.13518213829388, 1.69467155578553, 1.45013298405104, 1.02367858184224, 
3.22102361972681, 1.49961907962456, 1.94473569286774, 2.38575074694161, 
2.75367804725378, 1.36506708037532, 2.51463056716808, 1.79214681700778, 
2.263971027904, 1.93491569459699, 3.83428739350232, 4.01538350821362, 
1.57626873785766, 2.1435268835249, 2.08312219966059, 2.79905237297322, 
1.94590108584632, 2.40165601039582, 2.67368308298447, 2.94007632213385, 
2.07836417297818, 1.50696337609146, 1.57106100393338, 1.23994113834749, 
1.8767882396413, 1.73956878319781, 1.64500626689483, 2.31651643915486, 
2.40388891606452, 1.11069524722185, 3.17093748669248, 2.21898822826441, 
3.67531066278053, 1.38228629023192, 2.46955275045288, 2.22718651743291, 
3.52949449960531, 1.35651899239515, 1.67984501221247, 6.04939503334801, 
2.19373388442587, 3.08563883783469, 1.58169063462477, 1.79373062640616, 
3.27965893996018, 2.09598289362305, 4.07658014182161, 1.42703440903077, 
2.11564271824766, 2.3110365464729, 3.48969110149068, 3.92230005033475, 
2.83291440450583, 4.28460959582268, 2.77401614747131, 2.60358566335405, 
1.41248037553802), .Dim = c(946L, 3L))), .Names = c("N", "Nobs", 
"I", "SamplingTimes", "ID", "TestData"))
